#Number of Res= 185
#Number of Chain= 1
#order1	real1	order2	real2	area	AA1	AA2	Cid1	Cid2
0	2	1	3	47.497	LEU	GLN	0	0
1	3	0	2	33.071	GLN	LEU	0	0
0	2	3	5	22.512	LEU	PRO	0	0
3	5	0	2	19.861	PRO	LEU	0	0
0	2	182	186	6.822	LEU	ARG	0	0
182	186	0	2	5.903	ARG	LEU	0	0
0	2	183	187	12.674	LEU	ILE	0	0
183	187	0	2	9.192	ILE	LEU	0	0
0	2	184	188	26.340	LEU	GLY	0	0
184	188	0	2	26.939	GLY	LEU	0	0
0	2	-1	-1	14.202	LEU	EXP	0	-1
1	3	2	4	28.584	GLN	TYR	0	0
2	4	1	3	30.851	TYR	GLN	0	0
1	3	3	5	0.769	GLN	PRO	0	0
3	5	1	3	2.078	PRO	GLN	0	0
1	3	180	184	26.290	GLN	GLU	0	0
180	184	1	3	28.584	GLU	GLN	0	0
1	3	181	185	3.066	GLN	VAL	0	0
181	185	1	3	6.073	VAL	GLN	0	0
1	3	182	186	35.104	GLN	ARG	0	0
182	186	1	3	33.783	ARG	GLN	0	0
1	3	-1	-1	10.951	GLN	EXP	0	-1
2	4	3	5	30.779	TYR	PRO	0	0
3	5	2	4	32.904	PRO	TYR	0	0
2	4	105	109	1.903	TYR	ALA	0	0
105	109	2	4	1.439	ALA	TYR	0	0
2	4	106	110	13.978	TYR	LYS	0	0
106	110	2	4	18.492	LYS	TYR	0	0
2	4	109	113	32.176	TYR	ARG	0	0
109	113	2	4	24.134	ARG	TYR	0	0
2	4	110	114	7.117	TYR	ALA	0	0
110	114	2	4	6.558	ALA	TYR	0	0
2	4	111	115	7.441	TYR	LEU	0	0
111	115	2	4	8.675	LEU	TYR	0	0
2	4	173	177	4.835	TYR	TRP	0	0
173	177	2	4	6.969	TRP	TYR	0	0
2	4	179	183	24.160	TYR	PRO	0	0
179	183	2	4	16.076	PRO	TYR	0	0
2	4	181	185	13.299	TYR	VAL	0	0
181	185	2	4	15.682	VAL	TYR	0	0
2	4	-1	-1	0.000	TYR	EXP	0	-1
3	5	4	6	30.989	PRO	GLU	0	0
4	6	3	5	41.907	GLU	PRO	0	0
3	5	109	113	19.916	PRO	ARG	0	0
109	113	3	5	27.500	ARG	PRO	0	0
3	5	-1	-1	0.000	PRO	EXP	0	-1
4	6	5	7	31.687	GLU	LEU	0	0
5	7	4	6	25.976	LEU	GLU	0	0
4	6	6	8	5.294	GLU	PRO	0	0
6	8	4	6	7.823	PRO	GLU	0	0
4	6	109	113	2.954	GLU	ARG	0	0
109	113	4	6	7.564	ARG	GLU	0	0
4	6	128	132	19.536	GLU	HIS	0	0
128	132	4	6	17.776	HIS	GLU	0	0
4	6	163	167	27.552	GLU	GLU	0	0
163	167	4	6	32.617	GLU	GLU	0	0
4	6	-1	-1	5.895	GLU	EXP	0	-1
5	7	6	8	27.504	LEU	PRO	0	0
6	8	5	7	26.365	PRO	LEU	0	0
5	7	9	11	14.239	LEU	SER	0	0
9	11	5	7	10.671	SER	LEU	0	0
5	7	12	14	12.892	LEU	ILE	0	0
12	14	5	7	11.368	ILE	LEU	0	0
5	7	108	112	12.000	LEU	TYR	0	0
108	112	5	7	10.851	TYR	LEU	0	0
5	7	109	113	13.657	LEU	ARG	0	0
109	113	5	7	21.298	ARG	LEU	0	0
5	7	117	121	7.972	LEU	PHE	0	0
117	121	5	7	6.935	PHE	LEU	0	0
5	7	119	123	1.466	LEU	PHE	0	0
119	123	5	7	2.119	PHE	LEU	0	0
5	7	125	129	11.708	LEU	LEU	0	0
125	129	5	7	9.636	LEU	LEU	0	0
5	7	128	132	2.058	LEU	HIS	0	0
128	132	5	7	4.213	HIS	LEU	0	0
5	7	-1	-1	0.000	LEU	EXP	0	-1
6	8	7	9	36.219	PRO	LEU	0	0
7	9	6	8	39.819	LEU	PRO	0	0
6	8	9	11	18.327	PRO	SER	0	0
9	11	6	8	15.490	SER	PRO	0	0
6	8	109	113	8.653	PRO	ARG	0	0
109	113	6	8	6.796	ARG	PRO	0	0
6	8	125	129	2.982	PRO	LEU	0	0
125	129	6	8	5.115	LEU	PRO	0	0
6	8	-1	-1	6.219	PRO	EXP	0	-1
7	9	8	10	32.276	LEU	GLU	0	0
8	10	7	9	34.226	GLU	LEU	0	0
7	9	9	11	2.008	LEU	SER	0	0
9	11	7	9	0.947	SER	LEU	0	0
7	9	125	129	15.147	LEU	LEU	0	0
125	129	7	9	12.048	LEU	LEU	0	0
7	9	126	130	18.094	LEU	ARG	0	0
126	130	7	9	8.899	ARG	LEU	0	0
7	9	127	131	1.421	LEU	TYR	0	0
127	131	7	9	0.614	TYR	LEU	0	0
7	9	128	132	5.662	LEU	HIS	0	0
128	132	7	9	1.750	HIS	LEU	0	0
7	9	-1	-1	13.815	LEU	EXP	0	-1
8	10	9	11	26.779	GLU	SER	0	0
9	11	8	10	21.171	SER	GLU	0	0
8	10	10	12	1.066	GLU	PRO	0	0
10	12	8	10	2.706	PRO	GLU	0	0
8	10	122	126	6.102	GLU	ARG	0	0
122	126	8	10	5.885	ARG	GLU	0	0
8	10	124	128	28.851	GLU	LEU	0	0
124	128	8	10	25.060	LEU	GLU	0	0
8	10	125	129	12.170	GLU	LEU	0	0
125	129	8	10	10.483	LEU	GLU	0	0
8	10	126	130	17.308	GLU	ARG	0	0
126	130	8	10	13.190	ARG	GLU	0	0
8	10	-1	-1	8.501	GLU	EXP	0	-1
9	11	10	12	31.697	SER	PRO	0	0
10	12	9	11	40.734	PRO	SER	0	0
9	11	119	123	1.490	SER	PHE	0	0
119	123	9	11	3.635	PHE	SER	0	0
9	11	124	128	2.101	SER	LEU	0	0
124	128	9	11	3.804	LEU	SER	0	0
9	11	125	129	13.096	SER	LEU	0	0
125	129	9	11	12.726	LEU	SER	0	0
9	11	-1	-1	0.000	SER	EXP	0	-1
10	12	11	13	34.770	PRO	LEU	0	0
11	13	10	12	25.730	LEU	PRO	0	0
10	12	12	14	4.456	PRO	ILE	0	0
12	14	10	12	5.960	ILE	PRO	0	0
10	12	123	127	2.828	PRO	ARG	0	0
123	127	10	12	2.612	ARG	PRO	0	0
10	12	124	128	11.787	PRO	LEU	0	0
124	128	10	12	7.558	LEU	PRO	0	0
10	12	-1	-1	10.599	PRO	EXP	0	-1
11	13	12	14	33.677	LEU	ILE	0	0
12	14	11	13	26.432	ILE	LEU	0	0
11	13	13	15	5.235	LEU	ASP	0	0
13	15	11	13	1.068	ASP	LEU	0	0
11	13	26	28	7.604	LEU	LEU	0	0
26	28	11	13	9.011	LEU	LEU	0	0
11	13	27	29	6.328	LEU	SER	0	0
27	29	11	13	5.821	SER	LEU	0	0
11	13	34	36	8.686	LEU	LEU	0	0
34	36	11	13	7.519	LEU	LEU	0	0
11	13	36	38	0.615	LEU	VAL	0	0
36	38	11	13	1.262	VAL	LEU	0	0
11	13	108	112	6.052	LEU	TYR	0	0
108	112	11	13	6.609	TYR	LEU	0	0
11	13	119	123	16.021	LEU	PHE	0	0
119	123	11	13	20.234	PHE	LEU	0	0
11	13	123	127	19.420	LEU	ARG	0	0
123	127	11	13	26.298	ARG	LEU	0	0
11	13	-1	-1	0.000	LEU	EXP	0	-1
12	14	13	15	32.093	ILE	ASP	0	0
13	15	12	14	40.744	ASP	ILE	0	0
12	14	26	28	2.324	ILE	LEU	0	0
26	28	12	14	5.601	LEU	ILE	0	0
12	14	107	111	23.463	ILE	ALA	0	0
107	111	12	14	19.954	ALA	ILE	0	0
12	14	108	112	24.311	ILE	TYR	0	0
108	112	12	14	26.198	TYR	ILE	0	0
12	14	-1	-1	2.063	ILE	EXP	0	-1
13	15	14	16	37.146	ASP	ALA	0	0
14	16	13	15	29.181	ALA	ASP	0	0
13	15	25	27	12.772	ASP	ARG	0	0
25	27	13	15	18.098	ARG	ASP	0	0
13	15	26	28	4.673	ASP	LEU	0	0
26	28	13	15	6.555	LEU	ASP	0	0
13	15	27	29	22.572	ASP	SER	0	0
27	29	13	15	20.957	SER	ASP	0	0
13	15	-1	-1	1.374	ASP	EXP	0	-1
14	16	15	17	28.736	ALA	GLU	0	0
15	17	14	16	28.316	GLU	ALA	0	0
14	16	16	18	1.375	ALA	LEU	0	0
16	18	14	16	3.582	LEU	ALA	0	0
14	16	25	27	4.082	ALA	ARG	0	0
25	27	14	16	6.586	ARG	ALA	0	0
14	16	26	28	15.617	ALA	LEU	0	0
26	28	14	16	17.569	LEU	ALA	0	0
14	16	104	108	8.393	ALA	VAL	0	0
104	108	14	16	13.929	VAL	ALA	0	0
14	16	-1	-1	0.000	ALA	EXP	0	-1
15	17	16	18	28.176	GLU	LEU	0	0
16	18	15	17	29.291	LEU	GLU	0	0
15	17	23	25	40.396	GLU	ARG	0	0
23	25	15	17	44.121	ARG	GLU	0	0
15	17	24	26	8.593	GLU	TYR	0	0
24	26	15	17	4.902	TYR	GLU	0	0
15	17	25	27	28.004	GLU	ARG	0	0
25	27	15	17	39.012	ARG	GLU	0	0
15	17	-1	-1	0.000	GLU	EXP	0	-1
16	18	17	19	26.190	LEU	PRO	0	0
17	19	16	18	26.068	PRO	LEU	0	0
16	18	23	25	4.181	LEU	ARG	0	0
23	25	16	18	9.154	ARG	LEU	0	0
16	18	24	26	13.061	LEU	TYR	0	0
24	26	16	18	14.291	TYR	LEU	0	0
16	18	68	71	7.151	LEU	ILE	0	0
68	71	16	18	10.548	ILE	LEU	0	0
16	18	97	101	18.534	LEU	LEU	0	0
97	101	16	18	19.393	LEU	LEU	0	0
16	18	98	102	10.705	LEU	LEU	0	0
98	102	16	18	6.291	LEU	LEU	0	0
16	18	99	103	7.451	LEU	ASP	0	0
99	103	16	18	7.446	ASP	LEU	0	0
16	18	104	108	11.159	LEU	VAL	0	0
104	108	16	18	8.844	VAL	LEU	0	0
16	18	-1	-1	0.000	LEU	EXP	0	-1
17	19	18	20	26.616	PRO	ASP	0	0
18	20	17	19	19.788	ASP	PRO	0	0
17	19	19	21	0.501	PRO	PRO	0	0
19	21	17	19	1.782	PRO	PRO	0	0
17	19	22	24	4.467	PRO	GLY	0	0
22	24	17	19	1.860	GLY	PRO	0	0
17	19	23	25	23.186	PRO	ARG	0	0
23	25	17	19	30.030	ARG	PRO	0	0
17	19	97	101	3.645	PRO	LEU	0	0
97	101	17	19	8.067	LEU	PRO	0	0
17	19	98	102	21.769	PRO	LEU	0	0
98	102	17	19	20.109	LEU	PRO	0	0
17	19	-1	-1	0.000	PRO	EXP	0	-1
18	20	19	21	22.913	ASP	PRO	0	0
19	21	18	20	30.389	PRO	ASP	0	0
18	20	20	22	24.909	ASP	ARG	0	0
20	22	18	20	31.334	ARG	ASP	0	0
18	20	21	23	14.420	ASP	GLY	0	0
21	23	18	20	13.513	GLY	ASP	0	0
18	20	22	24	7.881	ASP	GLY	0	0
22	24	18	20	6.481	GLY	ASP	0	0
18	20	24	26	8.059	ASP	TYR	0	0
24	26	18	20	10.417	TYR	ASP	0	0
18	20	95	99	3.227	ASP	PRO	0	0
95	99	18	20	3.345	PRO	ASP	0	0
18	20	96	100	12.399	ASP	TYR	0	0
96	100	18	20	12.194	TYR	ASP	0	0
18	20	97	101	5.092	ASP	LEU	0	0
97	101	18	20	3.459	LEU	ASP	0	0
18	20	-1	-1	0.000	ASP	EXP	0	-1
19	21	20	22	35.223	PRO	ARG	0	0
20	22	19	21	22.767	ARG	PRO	0	0
19	21	81	84	23.441	PRO	PRO	0	0
81	84	19	21	16.291	PRO	PRO	0	0
19	21	84	88	1.102	PRO	ALA	0	0
84	88	19	21	3.353	ALA	PRO	0	0
19	21	96	100	8.518	PRO	TYR	0	0
96	100	19	21	9.492	TYR	PRO	0	0
19	21	98	102	6.207	PRO	LEU	0	0
98	102	19	21	6.158	LEU	PRO	0	0
19	21	-1	-1	0.000	PRO	EXP	0	-1
20	22	21	23	40.848	ARG	GLY	0	0
21	23	20	22	27.917	GLY	ARG	0	0
20	22	84	88	11.282	ARG	ALA	0	0
84	88	20	22	14.167	ALA	ARG	0	0
20	22	87	91	13.289	ARG	ALA	0	0
87	91	20	22	11.067	ALA	ARG	0	0
20	22	88	92	14.547	ARG	GLU	0	0
88	92	20	22	11.867	GLU	ARG	0	0
20	22	92	96	16.452	ARG	ILE	0	0
92	96	20	22	9.249	ILE	ARG	0	0
20	22	94	98	6.998	ARG	PHE	0	0
94	98	20	22	5.364	PHE	ARG	0	0
20	22	96	100	4.783	ARG	TYR	0	0
96	100	20	22	6.060	TYR	ARG	0	0
20	22	-1	-1	3.291	ARG	EXP	0	-1
21	23	22	24	31.618	GLY	GLY	0	0
22	24	21	23	33.939	GLY	GLY	0	0
21	23	24	26	1.955	GLY	TYR	0	0
24	26	21	23	10.553	TYR	GLY	0	0
21	23	-1	-1	0.000	GLY	EXP	0	-1
22	24	23	25	31.908	GLY	ARG	0	0
23	25	22	24	35.620	ARG	GLY	0	0
22	24	24	26	1.065	GLY	TYR	0	0
24	26	22	24	3.590	TYR	GLY	0	0
22	24	-1	-1	0.000	GLY	EXP	0	-1
23	25	24	26	35.139	ARG	TYR	0	0
24	26	23	25	30.703	TYR	ARG	0	0
23	25	-1	-1	10.748	ARG	EXP	0	-1
24	26	25	27	24.638	TYR	ARG	0	0
25	27	24	26	19.300	ARG	TYR	0	0
24	26	28	30	14.654	TYR	GLN	0	0
28	30	24	26	17.725	GLN	TYR	0	0
24	26	29	31	9.045	TYR	PHE	0	0
29	31	24	26	10.202	PHE	TYR	0	0
24	26	95	99	23.440	TYR	PRO	0	0
95	99	24	26	13.673	PRO	TYR	0	0
24	26	97	101	11.872	TYR	LEU	0	0
97	101	24	26	12.232	LEU	TYR	0	0
24	26	-1	-1	8.606	TYR	EXP	0	-1
25	27	26	28	18.904	ARG	LEU	0	0
26	28	25	27	19.930	LEU	ARG	0	0
25	27	27	29	12.967	ARG	SER	0	0
27	29	25	27	6.053	SER	ARG	0	0
25	27	28	30	23.402	ARG	GLN	0	0
28	30	25	27	28.620	GLN	ARG	0	0
25	27	29	31	3.609	ARG	PHE	0	0
29	31	25	27	7.804	PHE	ARG	0	0
25	27	-1	-1	22.569	ARG	EXP	0	-1
26	28	27	29	17.870	LEU	SER	0	0
27	29	26	28	21.397	SER	LEU	0	0
26	28	28	30	1.851	LEU	GLN	0	0
28	30	26	28	0.997	GLN	LEU	0	0
26	28	29	31	12.655	LEU	PHE	0	0
29	31	26	28	13.711	PHE	LEU	0	0
26	28	34	36	7.904	LEU	LEU	0	0
34	36	26	28	6.220	LEU	LEU	0	0
26	28	36	38	6.872	LEU	VAL	0	0
36	38	26	28	7.463	VAL	LEU	0	0
26	28	66	69	9.352	LEU	VAL	0	0
66	69	26	28	10.071	VAL	LEU	0	0
26	28	68	71	6.047	LEU	ILE	0	0
68	71	26	28	3.771	ILE	LEU	0	0
26	28	97	101	2.005	LEU	LEU	0	0
97	101	26	28	0.014	LEU	LEU	0	0
26	28	108	112	7.848	LEU	TYR	0	0
108	112	26	28	6.261	TYR	LEU	0	0
26	28	-1	-1	0.000	LEU	EXP	0	-1
27	29	28	30	32.041	SER	GLN	0	0
28	30	27	29	23.946	GLN	SER	0	0
27	29	29	31	4.176	SER	PHE	0	0
29	31	27	29	3.198	PHE	SER	0	0
27	29	30	32	6.186	SER	HIS	0	0
30	32	27	29	15.673	HIS	SER	0	0
27	29	-1	-1	0.217	SER	EXP	0	-1
28	30	29	31	40.435	GLN	PHE	0	0
29	31	28	30	33.849	PHE	GLN	0	0
28	30	30	32	14.398	GLN	HIS	0	0
30	32	28	30	24.012	HIS	GLN	0	0
28	30	-1	-1	9.188	GLN	EXP	0	-1
29	31	30	32	25.257	PHE	HIS	0	0
30	32	29	31	30.837	HIS	PHE	0	0
29	31	31	33	7.192	PHE	GLU	0	0
31	33	29	31	1.727	GLU	PHE	0	0
29	31	34	36	6.263	PHE	LEU	0	0
34	36	29	31	6.030	LEU	PHE	0	0
29	31	64	67	10.986	PHE	ALA	0	0
64	67	29	31	4.325	ALA	PHE	0	0
29	31	66	69	16.550	PHE	VAL	0	0
66	69	29	31	11.370	VAL	PHE	0	0
29	31	95	99	11.590	PHE	PRO	0	0
95	99	29	31	10.820	PRO	PHE	0	0
29	31	123	127	9.584	PHE	ARG	0	0
123	127	29	31	14.732	ARG	PHE	0	0
29	31	-1	-1	1.390	PHE	EXP	0	-1
30	32	31	33	44.978	HIS	GLU	0	0
31	33	30	32	37.022	GLU	HIS	0	0
30	32	123	127	1.767	HIS	ARG	0	0
123	127	30	32	0.170	ARG	HIS	0	0
30	32	-1	-1	25.680	HIS	EXP	0	-1
31	33	32	34	24.091	GLU	PRO	0	0
32	34	31	33	32.928	PRO	GLU	0	0
31	33	33	35	7.493	GLU	LEU	0	0
33	35	31	33	7.064	LEU	GLU	0	0
31	33	61	64	20.512	GLU	GLY	0	0
61	64	31	33	12.697	GLY	GLU	0	0
31	33	62	65	4.486	GLU	LYS	0	0
62	65	31	33	3.559	LYS	GLU	0	0
31	33	64	67	21.700	GLU	ALA	0	0
64	67	31	33	12.376	ALA	GLU	0	0
31	33	123	127	8.471	GLU	ARG	0	0
123	127	31	33	13.449	ARG	GLU	0	0
31	33	-1	-1	5.030	GLU	EXP	0	-1
32	34	33	35	23.195	PRO	LEU	0	0
33	35	32	34	23.707	LEU	PRO	0	0
32	34	61	64	7.601	PRO	GLY	0	0
61	64	32	34	5.359	GLY	PRO	0	0
32	34	62	65	13.004	PRO	LYS	0	0
62	65	32	34	9.726	LYS	PRO	0	0
32	34	120	124	2.621	PRO	ASP	0	0
120	124	32	34	3.310	ASP	PRO	0	0
32	34	121	125	22.978	PRO	GLU	0	0
121	125	32	34	30.582	GLU	PRO	0	0
32	34	123	127	2.815	PRO	ARG	0	0
123	127	32	34	3.665	ARG	PRO	0	0
32	34	-1	-1	3.648	PRO	EXP	0	-1
33	35	34	36	21.464	LEU	LEU	0	0
34	36	33	35	21.339	LEU	LEU	0	0
33	35	62	65	8.508	LEU	LYS	0	0
62	65	33	35	5.689	LYS	LEU	0	0
33	35	63	66	15.782	LEU	VAL	0	0
63	66	33	35	15.753	VAL	LEU	0	0
33	35	64	67	4.625	LEU	ALA	0	0
64	67	33	35	6.263	ALA	LEU	0	0
33	35	118	122	4.249	LEU	LEU	0	0
118	122	33	35	4.927	LEU	LEU	0	0
33	35	119	123	6.833	LEU	PHE	0	0
119	123	33	35	4.992	PHE	LEU	0	0
33	35	120	124	5.281	LEU	ASP	0	0
120	124	33	35	5.539	ASP	LEU	0	0
33	35	121	125	4.302	LEU	GLU	0	0
121	125	33	35	8.169	GLU	LEU	0	0
33	35	123	127	1.965	LEU	ARG	0	0
123	127	33	35	2.147	ARG	LEU	0	0
33	35	150	154	4.244	LEU	ILE	0	0
150	154	33	35	8.368	ILE	LEU	0	0
33	35	153	157	15.748	LEU	LEU	0	0
153	157	33	35	15.666	LEU	LEU	0	0
33	35	154	158	6.560	LEU	LEU	0	0
154	158	33	35	8.444	LEU	LEU	0	0
33	35	-1	-1	0.000	LEU	EXP	0	-1
34	36	35	37	20.096	LEU	ALA	0	0
35	37	34	36	20.967	ALA	LEU	0	0
34	36	36	38	8.601	LEU	VAL	0	0
36	38	34	36	6.523	VAL	LEU	0	0
34	36	64	67	11.040	LEU	ALA	0	0
64	67	34	36	11.921	ALA	LEU	0	0
34	36	66	69	6.109	LEU	VAL	0	0
66	69	34	36	4.647	VAL	LEU	0	0
34	36	117	121	1.789	LEU	PHE	0	0
117	121	34	36	1.430	PHE	LEU	0	0
34	36	118	122	5.448	LEU	LEU	0	0
118	122	34	36	7.391	LEU	LEU	0	0
34	36	119	123	20.171	LEU	PHE	0	0
119	123	34	36	21.108	PHE	LEU	0	0
34	36	123	127	15.053	LEU	ARG	0	0
123	127	34	36	16.084	ARG	LEU	0	0
34	36	-1	-1	0.000	LEU	EXP	0	-1
35	37	36	38	21.308	ALA	VAL	0	0
36	38	35	37	22.367	VAL	ALA	0	0
35	37	37	39	2.676	ALA	VAL	0	0
37	39	35	37	2.054	VAL	ALA	0	0
35	37	63	66	3.269	ALA	VAL	0	0
63	66	35	37	3.409	VAL	ALA	0	0
35	37	64	67	8.074	ALA	ALA	0	0
64	67	35	37	6.098	ALA	ALA	0	0
35	37	65	68	13.241	ALA	PHE	0	0
65	68	35	37	15.920	PHE	ALA	0	0
35	37	66	69	5.950	ALA	VAL	0	0
66	69	35	37	8.438	VAL	ALA	0	0
35	37	116	120	4.618	ALA	VAL	0	0
116	120	35	37	2.262	VAL	ALA	0	0
35	37	117	121	2.093	ALA	PHE	0	0
117	121	35	37	1.252	PHE	ALA	0	0
35	37	118	122	5.693	ALA	LEU	0	0
118	122	35	37	6.164	LEU	ALA	0	0
35	37	-1	-1	0.000	ALA	EXP	0	-1
36	38	37	39	24.110	VAL	VAL	0	0
37	39	36	38	21.052	VAL	VAL	0	0
36	38	38	40	4.336	VAL	PHE	0	0
38	40	36	38	6.881	PHE	VAL	0	0
36	38	66	69	5.540	VAL	VAL	0	0
66	69	36	38	6.122	VAL	VAL	0	0
36	38	68	71	7.717	VAL	ILE	0	0
68	71	36	38	7.749	ILE	VAL	0	0
36	38	108	112	6.114	VAL	TYR	0	0
108	112	36	38	5.724	TYR	VAL	0	0
36	38	115	119	0.427	VAL	GLU	0	0
115	119	36	38	0.512	GLU	VAL	0	0
36	38	116	120	2.176	VAL	VAL	0	0
116	120	36	38	4.773	VAL	VAL	0	0
36	38	117	121	20.529	VAL	PHE	0	0
117	121	36	38	18.925	PHE	VAL	0	0
36	38	119	123	4.683	VAL	PHE	0	0
119	123	36	38	4.457	PHE	VAL	0	0
36	38	-1	-1	0.000	VAL	EXP	0	-1
37	39	38	40	26.979	VAL	PHE	0	0
38	40	37	39	29.765	PHE	VAL	0	0
37	39	52	55	12.404	VAL	LEU	0	0
52	55	37	39	13.642	LEU	VAL	0	0
37	39	65	68	3.925	VAL	PHE	0	0
65	68	37	39	4.603	PHE	VAL	0	0
37	39	66	69	11.817	VAL	VAL	0	0
66	69	37	39	6.810	VAL	VAL	0	0
37	39	67	70	8.350	VAL	GLY	0	0
67	70	37	39	3.645	GLY	VAL	0	0
37	39	68	71	6.183	VAL	ILE	0	0
68	71	37	39	7.736	ILE	VAL	0	0
37	39	114	118	3.651	VAL	PRO	0	0
114	118	37	39	6.001	PRO	VAL	0	0
37	39	115	119	4.402	VAL	GLU	0	0
115	119	37	39	3.390	GLU	VAL	0	0
37	39	116	120	12.802	VAL	VAL	0	0
116	120	37	39	12.646	VAL	VAL	0	0
37	39	-1	-1	0.000	VAL	EXP	0	-1
38	40	39	42	1.466	PHE	CYS	0	0
39	42	38	40	2.213	CYS	PHE	0	0
38	40	68	71	30.355	PHE	ILE	0	0
68	71	38	40	25.340	ILE	PHE	0	0
38	40	104	108	5.534	PHE	VAL	0	0
104	108	38	40	5.012	VAL	PHE	0	0
38	40	105	109	12.728	PHE	ALA	0	0
105	109	38	40	8.448	ALA	PHE	0	0
38	40	108	112	12.427	PHE	TYR	0	0
108	112	38	40	14.473	TYR	PHE	0	0
38	40	110	114	9.201	PHE	ALA	0	0
110	114	38	40	5.478	ALA	PHE	0	0
38	40	112	116	5.356	PHE	ARG	0	0
112	116	38	40	1.459	ARG	PHE	0	0
38	40	113	117	8.584	PHE	THR	0	0
113	117	38	40	8.266	THR	PHE	0	0
38	40	114	118	4.661	PHE	PRO	0	0
114	118	38	40	5.393	PRO	PHE	0	0
38	40	115	119	16.046	PHE	GLU	0	0
115	119	38	40	14.830	GLU	PHE	0	0
38	40	117	121	10.026	PHE	PHE	0	0
117	121	38	40	11.479	PHE	PHE	0	0
38	40	171	175	4.991	PHE	ILE	0	0
171	175	38	40	2.367	ILE	PHE	0	0
38	40	-1	-1	0.000	PHE	EXP	0	-1
39	42	40	43	22.925	CYS	ASN	0	0
40	43	39	42	22.729	ASN	CYS	0	0
39	42	41	44	5.858	CYS	HIS	0	0
41	44	39	42	5.551	HIS	CYS	0	0
39	42	42	45	9.073	CYS	CYS	0	0
42	45	39	42	8.799	CYS	CYS	0	0
39	42	45	48	16.321	CYS	VAL	0	0
45	48	39	42	18.071	VAL	CYS	0	0
39	42	69	72	9.419	CYS	ASN	0	0
69	72	39	42	10.232	ASN	CYS	0	0
39	42	71	74	8.058	CYS	ASN	0	0
71	74	39	42	8.200	ASN	CYS	0	0
39	42	79	82	5.012	CYS	ASP	0	0
79	82	39	42	6.249	ASP	CYS	0	0
39	42	86	90	2.204	CYS	PHE	0	0
86	90	39	42	5.530	PHE	CYS	0	0
39	42	96	100	13.017	CYS	TYR	0	0
96	100	39	42	13.023	TYR	CYS	0	0
39	42	113	117	11.307	CYS	THR	0	0
113	117	39	42	13.499	THR	CYS	0	0
39	42	-1	-1	0.000	CYS	EXP	0	-1
40	43	41	44	24.131	ASN	HIS	0	0
41	44	40	43	20.116	HIS	ASN	0	0
40	43	46	49	6.434	ASN	LYS	0	0
46	49	40	43	15.002	LYS	ASN	0	0
40	43	78	81	11.512	ASN	GLU	0	0
78	81	40	43	10.509	GLU	ASN	0	0
40	43	79	82	11.271	ASN	ASP	0	0
79	82	40	43	12.479	ASP	ASN	0	0
40	43	80	83	0.904	ASN	ALA	0	0
80	83	40	43	0.653	ALA	ASN	0	0
40	43	83	86	10.568	ASN	LYS	0	0
83	86	40	43	11.927	LYS	ASN	0	0
40	43	86	90	23.744	ASN	PHE	0	0
86	90	40	43	29.541	PHE	ASN	0	0
40	43	96	100	10.716	ASN	TYR	0	0
96	100	40	43	15.061	TYR	ASN	0	0
40	43	-1	-1	0.000	ASN	EXP	0	-1
41	44	42	45	31.675	HIS	CYS	0	0
42	45	41	44	26.086	CYS	HIS	0	0
41	44	43	46	6.056	HIS	PRO	0	0
43	46	41	44	7.208	PRO	HIS	0	0
41	44	46	49	8.306	HIS	LYS	0	0
46	49	41	44	12.697	LYS	HIS	0	0
41	44	71	74	3.614	HIS	ASN	0	0
71	74	41	44	2.395	ASN	HIS	0	0
41	44	76	79	17.345	HIS	TYR	0	0
76	79	41	44	18.810	TYR	HIS	0	0
41	44	78	81	14.758	HIS	GLU	0	0
78	81	41	44	26.006	GLU	HIS	0	0
41	44	79	82	17.361	HIS	ASP	0	0
79	82	41	44	15.133	ASP	HIS	0	0
41	44	169	173	4.904	HIS	CYS	0	0
169	173	41	44	2.872	CYS	HIS	0	0
41	44	172	176	10.399	HIS	LYS	0	0
172	176	41	44	11.036	LYS	HIS	0	0
41	44	-1	-1	0.000	HIS	EXP	0	-1
42	45	43	46	18.570	CYS	PRO	0	0
43	46	42	45	27.956	PRO	CYS	0	0
42	45	44	47	9.875	CYS	TYR	0	0
44	47	42	45	10.210	TYR	CYS	0	0
42	45	45	48	12.769	CYS	VAL	0	0
45	48	42	45	11.799	VAL	CYS	0	0
42	45	46	49	7.063	CYS	LYS	0	0
46	49	42	45	9.188	LYS	CYS	0	0
42	45	113	117	7.865	CYS	THR	0	0
113	117	42	45	9.266	THR	CYS	0	0
42	45	169	173	16.057	CYS	CYS	0	0
169	173	42	45	22.697	CYS	CYS	0	0
42	45	-1	-1	0.000	CYS	EXP	0	-1
43	46	44	47	22.977	PRO	TYR	0	0
44	47	43	46	22.450	TYR	PRO	0	0
43	46	46	49	10.374	PRO	LYS	0	0
46	49	43	46	12.052	LYS	PRO	0	0
43	46	47	50	5.861	PRO	GLY	0	0
47	50	43	46	4.541	GLY	PRO	0	0
43	46	136	140	24.726	PRO	LYS	0	0
136	140	43	46	24.801	LYS	PRO	0	0
43	46	169	173	8.365	PRO	CYS	0	0
169	173	43	46	5.450	CYS	PRO	0	0
43	46	-1	-1	1.576	PRO	EXP	0	-1
44	47	45	48	18.403	TYR	VAL	0	0
45	48	44	47	19.773	VAL	TYR	0	0
44	47	47	50	0.978	TYR	GLY	0	0
47	50	44	47	0.253	GLY	TYR	0	0
44	47	48	51	6.906	TYR	SER	0	0
48	51	44	47	8.124	SER	TYR	0	0
44	47	113	117	1.234	TYR	THR	0	0
113	117	44	47	0.666	THR	TYR	0	0
44	47	114	118	6.494	TYR	PRO	0	0
114	118	44	47	6.665	PRO	TYR	0	0
44	47	135	139	15.642	TYR	PRO	0	0
135	139	44	47	15.248	PRO	TYR	0	0
44	47	136	140	39.834	TYR	LYS	0	0
136	140	44	47	34.442	LYS	TYR	0	0
44	47	167	171	14.181	TYR	ILE	0	0
167	171	44	47	10.231	ILE	TYR	0	0
44	47	168	172	17.478	TYR	GLY	0	0
168	172	44	47	6.899	GLY	TYR	0	0
44	47	169	173	9.043	TYR	CYS	0	0
169	173	44	47	6.343	CYS	TYR	0	0
44	47	-1	-1	5.143	TYR	EXP	0	-1
45	48	46	49	19.731	VAL	LYS	0	0
46	49	45	48	22.150	LYS	VAL	0	0
45	48	47	50	1.389	VAL	GLY	0	0
47	50	45	48	0.174	GLY	VAL	0	0
45	48	48	51	7.414	VAL	SER	0	0
48	51	45	48	5.819	SER	VAL	0	0
45	48	49	52	13.301	VAL	ILE	0	0
49	52	45	48	14.561	ILE	VAL	0	0
45	48	86	90	3.825	VAL	PHE	0	0
86	90	45	48	6.004	PHE	VAL	0	0
45	48	113	117	5.779	VAL	THR	0	0
113	117	45	48	6.384	THR	VAL	0	0
45	48	114	118	12.733	VAL	PRO	0	0
114	118	45	48	8.935	PRO	VAL	0	0
45	48	-1	-1	0.000	VAL	EXP	0	-1
46	49	47	50	31.175	LYS	GLY	0	0
47	50	46	49	22.939	GLY	LYS	0	0
46	49	48	51	0.754	LYS	SER	0	0
48	51	46	49	0.314	SER	LYS	0	0
46	49	49	52	9.064	LYS	ILE	0	0
49	52	46	49	4.396	ILE	LYS	0	0
46	49	78	81	7.175	LYS	GLU	0	0
78	81	46	49	9.451	GLU	LYS	0	0
46	49	86	90	10.499	LYS	PHE	0	0
86	90	46	49	5.825	PHE	LYS	0	0
46	49	90	94	3.730	LYS	HIS	0	0
90	94	46	49	2.135	HIS	LYS	0	0
46	49	-1	-1	14.241	LYS	EXP	0	-1
47	50	48	51	22.662	GLY	SER	0	0
48	51	47	50	20.420	SER	GLY	0	0
47	50	135	139	9.008	GLY	PRO	0	0
135	139	47	50	7.961	PRO	GLY	0	0
47	50	136	140	3.490	GLY	LYS	0	0
136	140	47	50	5.737	LYS	GLY	0	0
47	50	138	142	12.225	GLY	PRO	0	0
138	142	47	50	22.692	PRO	GLY	0	0
47	50	-1	-1	0.000	GLY	EXP	0	-1
48	51	49	52	22.148	SER	ILE	0	0
49	52	48	51	20.685	ILE	SER	0	0
48	51	50	53	0.752	SER	GLY	0	0
50	53	48	51	0.489	GLY	SER	0	0
48	51	51	54	8.764	SER	GLU	0	0
51	54	48	51	10.893	GLU	SER	0	0
48	51	52	55	7.077	SER	LEU	0	0
52	55	48	51	11.516	LEU	SER	0	0
48	51	114	118	3.834	SER	PRO	0	0
114	118	48	51	6.393	PRO	SER	0	0
48	51	131	135	11.901	SER	VAL	0	0
131	135	48	51	11.034	VAL	SER	0	0
48	51	132	136	2.692	SER	ASN	0	0
132	136	48	51	2.651	ASN	SER	0	0
48	51	135	139	5.989	SER	PRO	0	0
135	139	48	51	6.084	PRO	SER	0	0
48	51	-1	-1	0.000	SER	EXP	0	-1
49	52	50	53	22.602	ILE	GLY	0	0
50	53	49	52	32.122	GLY	ILE	0	0
49	52	51	54	0.768	ILE	GLU	0	0
51	54	49	52	0.501	GLU	ILE	0	0
49	52	52	55	15.267	ILE	LEU	0	0
52	55	49	52	16.612	LEU	ILE	0	0
49	52	53	56	15.145	ILE	VAL	0	0
53	56	49	52	13.470	VAL	ILE	0	0
49	52	86	90	7.652	ILE	PHE	0	0
86	90	49	52	5.587	PHE	ILE	0	0
49	52	90	94	13.810	ILE	HIS	0	0
90	94	49	52	27.665	HIS	ILE	0	0
49	52	92	96	11.671	ILE	ILE	0	0
92	96	49	52	10.507	ILE	ILE	0	0
49	52	94	98	1.059	ILE	PHE	0	0
94	98	49	52	2.007	PHE	ILE	0	0
49	52	-1	-1	0.000	ILE	EXP	0	-1
50	53	51	54	29.131	GLY	GLU	0	0
51	54	50	53	30.291	GLU	GLY	0	0
50	53	53	56	3.793	GLY	VAL	0	0
53	56	50	53	4.327	VAL	GLY	0	0
50	53	54	57	9.273	GLY	ALA	0	0
54	57	50	53	15.006	ALA	GLY	0	0
50	53	-1	-1	0.000	GLY	EXP	0	-1
51	54	52	55	17.657	GLU	LEU	0	0
52	55	51	54	21.425	LEU	GLU	0	0
51	54	54	57	7.805	GLU	ALA	0	0
54	57	51	54	7.327	ALA	GLU	0	0
51	54	55	58	23.340	GLU	LEU	0	0
55	58	51	54	21.792	LEU	GLU	0	0
51	54	131	135	6.974	GLU	VAL	0	0
131	135	51	54	4.332	VAL	GLU	0	0
51	54	132	136	12.875	GLU	ASN	0	0
132	136	51	54	11.389	ASN	GLU	0	0
51	54	144	148	24.990	GLU	HIS	0	0
144	148	51	54	24.305	HIS	GLU	0	0
51	54	-1	-1	0.846	GLU	EXP	0	-1
52	55	53	56	21.313	LEU	VAL	0	0
53	56	52	55	19.710	VAL	LEU	0	0
52	55	55	58	7.125	LEU	LEU	0	0
55	58	52	55	6.373	LEU	LEU	0	0
52	55	56	59	6.675	LEU	ALA	0	0
56	59	52	55	6.727	ALA	LEU	0	0
52	55	65	68	10.900	LEU	PHE	0	0
65	68	52	55	9.126	PHE	LEU	0	0
52	55	94	98	3.879	LEU	PHE	0	0
94	98	52	55	5.490	PHE	LEU	0	0
52	55	114	118	1.686	LEU	PRO	0	0
114	118	52	55	2.021	PRO	LEU	0	0
52	55	131	135	9.588	LEU	VAL	0	0
131	135	52	55	10.241	VAL	LEU	0	0
52	55	146	150	6.755	LEU	LEU	0	0
146	150	52	55	5.730	LEU	LEU	0	0
52	55	-1	-1	0.000	LEU	EXP	0	-1
53	56	54	57	23.536	VAL	ALA	0	0
54	57	53	56	22.690	ALA	VAL	0	0
53	56	55	58	0.674	VAL	LEU	0	0
55	58	53	56	0.452	LEU	VAL	0	0
53	56	56	59	6.558	VAL	ALA	0	0
56	59	53	56	5.780	ALA	VAL	0	0
53	56	57	60	7.144	VAL	GLU	0	0
57	60	53	56	9.166	GLU	VAL	0	0
53	56	90	94	11.463	VAL	HIS	0	0
90	94	53	56	9.516	HIS	VAL	0	0
53	56	91	95	8.964	VAL	GLY	0	0
91	95	53	56	6.853	GLY	VAL	0	0
53	56	92	96	6.470	VAL	ILE	0	0
92	96	53	56	7.052	ILE	VAL	0	0
53	56	93	97	5.874	VAL	PHE	0	0
93	97	53	56	5.198	PHE	VAL	0	0
53	56	94	98	6.146	VAL	PHE	0	0
94	98	53	56	6.467	PHE	VAL	0	0
53	56	-1	-1	0.000	VAL	EXP	0	-1
54	57	55	58	26.474	ALA	LEU	0	0
55	58	54	57	22.186	LEU	ALA	0	0
54	57	57	60	8.668	ALA	GLU	0	0
57	60	54	57	8.230	GLU	ALA	0	0
54	57	58	61	7.683	ALA	ARG	0	0
58	61	54	57	15.763	ARG	ALA	0	0
54	57	-1	-1	0.553	ALA	EXP	0	-1
55	58	56	59	18.592	LEU	ALA	0	0
56	59	55	58	20.007	ALA	LEU	0	0
55	58	57	60	0.520	LEU	GLU	0	0
57	60	55	58	0.496	GLU	LEU	0	0
55	58	58	61	3.964	LEU	ARG	0	0
58	61	55	58	5.199	ARG	LEU	0	0
55	58	59	62	25.073	LEU	TYR	0	0
59	62	55	58	25.864	TYR	LEU	0	0
55	58	65	68	6.584	LEU	PHE	0	0
65	68	55	58	8.019	PHE	LEU	0	0
55	58	146	150	8.659	LEU	LEU	0	0
146	150	55	58	7.282	LEU	LEU	0	0
55	58	147	151	15.064	LEU	GLU	0	0
147	151	55	58	19.649	GLU	LEU	0	0
55	58	150	154	2.950	LEU	ILE	0	0
150	154	55	58	1.014	ILE	LEU	0	0
55	58	-1	-1	0.000	LEU	EXP	0	-1
56	59	57	60	15.121	ALA	GLU	0	0
57	60	56	59	17.291	GLU	ALA	0	0
56	59	59	62	4.223	ALA	TYR	0	0
59	62	56	59	2.404	TYR	ALA	0	0
56	59	60	63	5.880	ALA	ARG	0	0
60	63	56	59	8.556	ARG	ALA	0	0
56	59	65	68	12.947	ALA	PHE	0	0
65	68	56	59	17.954	PHE	ALA	0	0
56	59	93	97	11.527	ALA	PHE	0	0
93	97	56	59	14.084	PHE	ALA	0	0
56	59	94	98	6.045	ALA	PHE	0	0
94	98	56	59	9.386	PHE	ALA	0	0
56	59	-1	-1	0.000	ALA	EXP	0	-1
57	60	58	61	30.204	GLU	ARG	0	0
58	61	57	60	28.095	ARG	GLU	0	0
57	60	60	63	42.371	GLU	ARG	0	0
60	63	57	60	43.961	ARG	GLU	0	0
57	60	93	97	11.321	GLU	PHE	0	0
93	97	57	60	10.201	PHE	GLU	0	0
57	60	-1	-1	13.286	GLU	EXP	0	-1
58	61	59	62	52.023	ARG	TYR	0	0
59	62	58	61	35.102	TYR	ARG	0	0
58	61	147	151	13.268	ARG	GLU	0	0
147	151	58	61	8.976	GLU	ARG	0	0
58	61	-1	-1	48.517	ARG	EXP	0	-1
59	62	60	63	20.720	TYR	ARG	0	0
60	63	59	62	26.142	ARG	TYR	0	0
59	62	62	65	14.831	TYR	LYS	0	0
62	65	59	62	17.002	LYS	TYR	0	0
59	62	63	66	19.842	TYR	VAL	0	0
63	66	59	62	20.433	VAL	TYR	0	0
59	62	65	68	0.352	TYR	PHE	0	0
65	68	59	62	0.487	PHE	TYR	0	0
59	62	147	151	4.850	TYR	GLU	0	0
147	151	59	62	8.255	GLU	TYR	0	0
59	62	150	154	18.888	TYR	ILE	0	0
150	154	59	62	16.509	ILE	TYR	0	0
59	62	151	155	17.281	TYR	GLU	0	0
151	155	59	62	24.055	GLU	TYR	0	0
59	62	154	158	8.093	TYR	LEU	0	0
154	158	59	62	8.129	LEU	TYR	0	0
59	62	-1	-1	0.000	TYR	EXP	0	-1
60	63	61	64	35.879	ARG	GLY	0	0
61	64	60	63	28.351	GLY	ARG	0	0
60	63	62	65	4.431	ARG	LYS	0	0
62	65	60	63	13.902	LYS	ARG	0	0
60	63	93	97	34.957	ARG	PHE	0	0
93	97	60	63	32.811	PHE	ARG	0	0
60	63	-1	-1	12.665	ARG	EXP	0	-1
61	64	62	65	29.229	GLY	LYS	0	0
62	65	61	64	26.465	LYS	GLY	0	0
61	64	-1	-1	0.000	GLY	EXP	0	-1
62	65	63	66	23.286	LYS	VAL	0	0
63	66	62	65	22.004	VAL	LYS	0	0
62	65	154	158	17.692	LYS	LEU	0	0
154	158	62	65	14.866	LEU	LYS	0	0
62	65	-1	-1	24.687	LYS	EXP	0	-1
63	66	64	67	25.769	VAL	ALA	0	0
64	67	63	66	20.587	ALA	VAL	0	0
63	66	65	68	13.744	VAL	PHE	0	0
65	68	63	66	14.032	PHE	VAL	0	0
63	66	118	122	3.829	VAL	LEU	0	0
118	122	63	66	3.215	LEU	VAL	0	0
63	66	150	154	9.576	VAL	ILE	0	0
150	154	63	66	11.254	ILE	VAL	0	0
63	66	-1	-1	0.000	VAL	EXP	0	-1
64	67	65	68	25.696	ALA	PHE	0	0
65	68	64	67	27.135	PHE	ALA	0	0
64	67	-1	-1	0.000	ALA	EXP	0	-1
65	68	66	69	22.432	PHE	VAL	0	0
66	69	65	68	24.622	VAL	PHE	0	0
65	68	94	98	23.261	PHE	PHE	0	0
94	98	65	68	25.650	PHE	PHE	0	0
65	68	95	99	3.212	PHE	PRO	0	0
95	99	65	68	6.800	PRO	PHE	0	0
65	68	146	150	6.379	PHE	LEU	0	0
146	150	65	68	5.135	LEU	PHE	0	0
65	68	150	154	5.815	PHE	ILE	0	0
150	154	65	68	4.307	ILE	PHE	0	0
65	68	-1	-1	0.000	PHE	EXP	0	-1
66	69	67	70	25.940	VAL	GLY	0	0
67	70	66	69	22.881	GLY	VAL	0	0
66	69	68	71	1.895	VAL	ILE	0	0
68	71	66	69	3.448	ILE	VAL	0	0
66	69	94	98	1.120	VAL	PHE	0	0
94	98	66	69	2.931	PHE	VAL	0	0
66	69	95	99	5.288	VAL	PRO	0	0
95	99	66	69	6.228	PRO	VAL	0	0
66	69	97	101	6.876	VAL	LEU	0	0
97	101	66	69	10.900	LEU	VAL	0	0
66	69	-1	-1	0.000	VAL	EXP	0	-1
67	70	68	71	23.669	GLY	ILE	0	0
68	71	67	70	23.784	ILE	GLY	0	0
67	70	94	98	2.802	GLY	PHE	0	0
94	98	67	70	7.758	PHE	GLY	0	0
67	70	95	99	7.557	GLY	PRO	0	0
95	99	67	70	5.607	PRO	GLY	0	0
67	70	96	100	6.663	GLY	TYR	0	0
96	100	67	70	13.207	TYR	GLY	0	0
67	70	97	101	6.979	GLY	LEU	0	0
97	101	67	70	9.168	LEU	GLY	0	0
67	70	-1	-1	0.000	GLY	EXP	0	-1
68	71	69	72	25.767	ILE	ASN	0	0
69	72	68	71	22.236	ASN	ILE	0	0
68	71	97	101	8.578	ILE	LEU	0	0
97	101	68	71	8.718	LEU	ILE	0	0
68	71	99	103	6.806	ILE	ASP	0	0
99	103	68	71	5.534	ASP	ILE	0	0
68	71	104	108	5.171	ILE	VAL	0	0
104	108	68	71	4.511	VAL	ILE	0	0
68	71	-1	-1	0.000	ILE	EXP	0	-1
69	72	70	73	20.243	ASN	ALA	0	0
70	73	69	72	24.560	ALA	ASN	0	0
69	72	71	74	9.994	ASN	ASN	0	0
71	74	69	72	12.472	ASN	ASN	0	0
69	72	79	82	16.129	ASN	ASP	0	0
79	82	69	72	15.237	ASP	ASN	0	0
69	72	96	100	12.737	ASN	TYR	0	0
96	100	69	72	16.287	TYR	ASN	0	0
69	72	97	101	10.775	ASN	LEU	0	0
97	101	69	72	6.653	LEU	ASN	0	0
69	72	98	102	11.468	ASN	LEU	0	0
98	102	69	72	12.525	LEU	ASN	0	0
69	72	99	103	5.098	ASN	ASP	0	0
99	103	69	72	7.221	ASP	ASN	0	0
69	72	-1	-1	0.000	ASN	EXP	0	-1
70	73	71	74	25.541	ALA	ASN	0	0
71	74	70	73	25.948	ASN	ALA	0	0
70	73	99	103	14.690	ALA	ASP	0	0
99	103	70	73	15.754	ASP	ALA	0	0
70	73	102	106	13.720	ALA	GLN	0	0
102	106	70	73	16.836	GLN	ALA	0	0
70	73	105	109	6.045	ALA	ALA	0	0
105	109	70	73	5.383	ALA	ALA	0	0
70	73	171	175	2.387	ALA	ILE	0	0
171	175	70	73	2.754	ILE	ALA	0	0
70	73	-1	-1	0.000	ALA	EXP	0	-1
71	74	72	75	22.201	ASN	ASP	0	0
72	75	71	74	20.386	ASP	ASN	0	0
71	74	73	76	8.419	ASN	TYR	0	0
73	76	71	74	9.964	TYR	ASN	0	0
71	74	79	82	11.136	ASN	ASP	0	0
79	82	71	74	11.704	ASP	ASN	0	0
71	74	113	117	4.124	ASN	THR	0	0
113	117	71	74	2.276	THR	ASN	0	0
71	74	171	175	6.914	ASN	ILE	0	0
171	175	71	74	9.168	ILE	ASN	0	0
71	74	172	176	18.771	ASN	LYS	0	0
172	176	71	74	15.196	LYS	ASN	0	0
71	74	174	178	1.287	ASN	ARG	0	0
174	178	71	74	2.588	ARG	ASN	0	0
71	74	-1	-1	0.000	ASN	EXP	0	-1
72	75	73	76	18.080	ASP	TYR	0	0
73	76	72	75	18.970	TYR	ASP	0	0
72	75	74	77	9.948	ASP	GLU	0	0
74	77	72	75	12.733	GLU	ASP	0	0
72	75	75	78	16.614	ASP	LYS	0	0
75	78	72	75	16.723	LYS	ASP	0	0
72	75	76	79	10.537	ASP	TYR	0	0
76	79	72	75	11.088	TYR	ASP	0	0
72	75	102	106	0.692	ASP	GLN	0	0
102	106	72	75	0.667	GLN	ASP	0	0
72	75	172	176	10.944	ASP	LYS	0	0
172	176	72	75	11.353	LYS	ASP	0	0
72	75	173	177	4.355	ASP	TRP	0	0
173	177	72	75	1.370	TRP	ASP	0	0
72	75	174	178	18.093	ASP	ARG	0	0
174	178	72	75	20.467	ARG	ASP	0	0
72	75	175	179	7.787	ASP	PRO	0	0
175	179	72	75	11.662	PRO	ASP	0	0
72	75	-1	-1	0.000	ASP	EXP	0	-1
73	76	74	77	43.012	TYR	GLU	0	0
74	77	73	76	48.218	GLU	TYR	0	0
73	76	76	79	10.949	TYR	TYR	0	0
76	79	73	76	8.697	TYR	TYR	0	0
73	76	77	80	7.225	TYR	PRO	0	0
77	80	73	76	11.981	PRO	TYR	0	0
73	76	79	82	6.676	TYR	ASP	0	0
79	82	73	76	6.575	ASP	TYR	0	0
73	76	80	83	13.798	TYR	ALA	0	0
80	83	73	76	7.870	ALA	TYR	0	0
73	76	81	84	22.418	TYR	PRO	0	0
81	84	73	76	14.612	PRO	TYR	0	0
73	76	98	102	6.322	TYR	LEU	0	0
98	102	73	76	7.784	LEU	TYR	0	0
73	76	100	104	17.466	TYR	GLU	0	0
100	104	73	76	20.787	GLU	TYR	0	0
73	76	174	178	9.519	TYR	ARG	0	0
174	178	73	76	7.299	ARG	TYR	0	0
73	76	-1	-1	0.000	TYR	EXP	0	-1
74	77	75	78	34.423	GLU	LYS	0	0
75	78	74	77	28.658	LYS	GLU	0	0
74	77	77	80	5.695	GLU	PRO	0	0
77	80	74	77	9.064	PRO	GLU	0	0
74	77	174	178	19.041	GLU	ARG	0	0
174	178	74	77	14.747	ARG	GLU	0	0
74	77	-1	-1	13.192	GLU	EXP	0	-1
75	78	76	79	60.964	LYS	TYR	0	0
76	79	75	78	51.274	TYR	LYS	0	0
75	78	77	80	8.011	LYS	PRO	0	0
77	80	75	78	9.247	PRO	LYS	0	0
75	78	-1	-1	30.786	LYS	EXP	0	-1
76	79	77	80	21.259	TYR	PRO	0	0
77	80	76	79	22.520	PRO	TYR	0	0
76	79	78	81	2.772	TYR	GLU	0	0
78	81	76	79	2.209	GLU	TYR	0	0
76	79	79	82	16.779	TYR	ASP	0	0
79	82	76	79	13.906	ASP	TYR	0	0
76	79	172	176	34.683	TYR	LYS	0	0
172	176	76	79	29.766	LYS	TYR	0	0
76	79	-1	-1	2.536	TYR	EXP	0	-1
77	80	78	81	30.847	PRO	GLU	0	0
78	81	77	80	30.752	GLU	PRO	0	0
77	80	79	82	2.325	PRO	ASP	0	0
79	82	77	80	0.849	ASP	PRO	0	0
77	80	80	83	9.820	PRO	ALA	0	0
80	83	77	80	12.583	ALA	PRO	0	0
77	80	83	86	3.715	PRO	LYS	0	0
83	86	77	80	12.542	LYS	PRO	0	0
77	80	-1	-1	8.089	PRO	EXP	0	-1
78	81	79	82	19.398	GLU	ASP	0	0
79	82	78	81	18.105	ASP	GLU	0	0
78	81	83	86	13.278	GLU	LYS	0	0
83	86	78	81	18.497	LYS	GLU	0	0
78	81	-1	-1	25.279	GLU	EXP	0	-1
79	82	80	83	20.236	ASP	ALA	0	0
80	83	79	82	22.924	ALA	ASP	0	0
79	82	-1	-1	0.000	ASP	EXP	0	-1
80	83	81	84	29.140	ALA	PRO	0	0
81	84	80	83	31.835	PRO	ALA	0	0
80	83	82	85	1.073	ALA	GLU	0	0
82	85	80	83	0.018	GLU	ALA	0	0
80	83	83	86	12.358	ALA	LYS	0	0
83	86	80	83	13.798	LYS	ALA	0	0
80	83	-1	-1	0.000	ALA	EXP	0	-1
81	84	82	85	27.189	PRO	GLU	0	0
82	85	81	84	34.548	GLU	PRO	0	0
81	84	83	86	0.391	PRO	LYS	0	0
83	86	81	84	0.140	LYS	PRO	0	0
81	84	84	88	5.278	PRO	ALA	0	0
84	88	81	84	9.235	ALA	PRO	0	0
81	84	98	102	13.095	PRO	LEU	0	0
98	102	81	84	15.746	LEU	PRO	0	0
81	84	-1	-1	0.000	PRO	EXP	0	-1
82	85	83	86	41.139	GLU	LYS	0	0
83	86	82	85	31.673	LYS	GLU	0	0
82	85	84	88	7.078	GLU	ALA	0	0
84	88	82	85	7.841	ALA	GLU	0	0
82	85	85	89	3.762	GLU	ALA	0	0
85	89	82	85	9.276	ALA	GLU	0	0
82	85	-1	-1	49.937	GLU	EXP	0	-1
83	86	84	88	5.719	LYS	ALA	0	0
84	88	83	86	6.512	ALA	LYS	0	0
83	86	85	89	12.258	LYS	ALA	0	0
85	89	83	86	7.034	ALA	LYS	0	0
83	86	86	90	10.768	LYS	PHE	0	0
86	90	83	86	9.380	PHE	LYS	0	0
83	86	-1	-1	28.839	LYS	EXP	0	-1
84	88	85	89	23.736	ALA	ALA	0	0
85	89	84	88	26.703	ALA	ALA	0	0
84	88	86	90	0.784	ALA	PHE	0	0
86	90	84	88	0.555	PHE	ALA	0	0
84	88	87	91	10.807	ALA	ALA	0	0
87	91	84	88	7.072	ALA	ALA	0	0
84	88	88	92	12.636	ALA	GLU	0	0
88	92	84	88	20.425	GLU	ALA	0	0
84	88	96	100	0.195	ALA	TYR	0	0
96	100	84	88	2.759	TYR	ALA	0	0
84	88	-1	-1	0.000	ALA	EXP	0	-1
85	89	86	90	27.562	ALA	PHE	0	0
86	90	85	89	20.772	PHE	ALA	0	0
85	89	88	92	6.730	ALA	GLU	0	0
88	92	85	89	9.803	GLU	ALA	0	0
85	89	89	93	8.789	ALA	GLU	0	0
89	93	85	89	14.714	GLU	ALA	0	0
85	89	-1	-1	2.359	ALA	EXP	0	-1
86	90	87	91	23.109	PHE	ALA	0	0
87	91	86	90	22.639	ALA	PHE	0	0
86	90	89	93	12.939	PHE	GLU	0	0
89	93	86	90	11.833	GLU	PHE	0	0
86	90	90	94	24.857	PHE	HIS	0	0
90	94	86	90	24.737	HIS	PHE	0	0
86	90	92	96	9.979	PHE	ILE	0	0
92	96	86	90	7.175	ILE	PHE	0	0
86	90	96	100	3.111	PHE	TYR	0	0
96	100	86	90	6.142	TYR	PHE	0	0
86	90	-1	-1	0.000	PHE	EXP	0	-1
87	91	88	92	20.658	ALA	GLU	0	0
88	92	87	91	29.599	GLU	ALA	0	0
87	91	90	94	1.207	ALA	HIS	0	0
90	94	87	91	0.793	HIS	ALA	0	0
87	91	91	95	5.389	ALA	GLY	0	0
91	95	87	91	4.684	GLY	ALA	0	0
87	91	92	96	17.121	ALA	ILE	0	0
92	96	87	91	19.266	ILE	ALA	0	0
87	91	96	100	3.641	ALA	TYR	0	0
96	100	87	91	8.467	TYR	ALA	0	0
87	91	-1	-1	0.000	ALA	EXP	0	-1
88	92	89	93	37.473	GLU	GLU	0	0
89	93	88	92	29.878	GLU	GLU	0	0
88	92	91	95	3.293	GLU	GLY	0	0
91	95	88	92	3.895	GLY	GLU	0	0
88	92	-1	-1	23.408	GLU	EXP	0	-1
89	93	90	94	58.491	GLU	HIS	0	0
90	94	89	93	44.454	HIS	GLU	0	0
89	93	-1	-1	21.602	GLU	EXP	0	-1
90	94	91	95	28.259	HIS	GLY	0	0
91	95	90	94	27.094	GLY	HIS	0	0
90	94	92	96	5.066	HIS	ILE	0	0
92	96	90	94	6.792	ILE	HIS	0	0
90	94	-1	-1	0.731	HIS	EXP	0	-1
91	95	92	96	23.739	GLY	ILE	0	0
92	96	91	95	18.369	ILE	GLY	0	0
91	95	93	97	8.768	GLY	PHE	0	0
93	97	91	95	13.962	PHE	GLY	0	0
91	95	-1	-1	0.000	GLY	EXP	0	-1
92	96	93	97	18.875	ILE	PHE	0	0
93	97	92	96	26.236	PHE	ILE	0	0
92	96	94	98	20.690	ILE	PHE	0	0
94	98	92	96	25.191	PHE	ILE	0	0
92	96	96	100	8.985	ILE	TYR	0	0
96	100	92	96	13.657	TYR	ILE	0	0
92	96	-1	-1	0.000	ILE	EXP	0	-1
93	97	94	98	52.248	PHE	PHE	0	0
94	98	93	97	34.223	PHE	PHE	0	0
93	97	-1	-1	0.707	PHE	EXP	0	-1
94	98	95	99	31.329	PHE	PRO	0	0
95	99	94	98	34.611	PRO	PHE	0	0
94	98	-1	-1	0.000	PHE	EXP	0	-1
95	99	96	100	19.458	PRO	TYR	0	0
96	100	95	99	20.385	TYR	PRO	0	0
95	99	97	101	7.179	PRO	LEU	0	0
97	101	95	99	7.134	LEU	PRO	0	0
95	99	-1	-1	0.000	PRO	EXP	0	-1
96	100	97	101	26.498	TYR	LEU	0	0
97	101	96	100	21.953	LEU	TYR	0	0
96	100	-1	-1	1.001	TYR	EXP	0	-1
97	101	98	102	22.300	LEU	LEU	0	0
98	102	97	101	22.597	LEU	LEU	0	0
97	101	-1	-1	0.000	LEU	EXP	0	-1
98	102	99	103	20.937	LEU	ASP	0	0
99	103	98	102	17.902	ASP	LEU	0	0
98	102	100	104	16.964	LEU	GLU	0	0
100	104	98	102	13.297	GLU	LEU	0	0
98	102	-1	-1	0.000	LEU	EXP	0	-1
99	103	100	104	23.735	ASP	GLU	0	0
100	104	99	103	27.767	GLU	ASP	0	0
99	103	101	105	3.388	ASP	THR	0	0
101	105	99	103	2.595	THR	ASP	0	0
99	103	102	106	15.628	ASP	GLN	0	0
102	106	99	103	15.986	GLN	ASP	0	0
99	103	103	107	2.070	ASP	GLU	0	0
103	107	99	103	1.214	GLU	ASP	0	0
99	103	104	108	13.085	ASP	VAL	0	0
104	108	99	103	13.303	VAL	ASP	0	0
99	103	105	109	5.485	ASP	ALA	0	0
105	109	99	103	5.518	ALA	ASP	0	0
99	103	-1	-1	0.000	ASP	EXP	0	-1
100	104	101	105	34.116	GLU	THR	0	0
101	105	100	104	37.881	THR	GLU	0	0
100	104	102	106	1.262	GLU	GLN	0	0
102	106	100	104	1.144	GLN	GLU	0	0
100	104	174	178	24.513	GLU	ARG	0	0
174	178	100	104	26.131	ARG	GLU	0	0
100	104	-1	-1	10.063	GLU	EXP	0	-1
101	105	102	106	24.207	THR	GLN	0	0
102	106	101	105	22.174	GLN	THR	0	0
101	105	103	107	32.431	THR	GLU	0	0
103	107	101	105	39.706	GLU	THR	0	0
101	105	177	181	7.172	THR	ASN	0	0
177	181	101	105	8.154	ASN	THR	0	0
101	105	-1	-1	5.146	THR	EXP	0	-1
102	106	103	107	17.445	GLN	GLU	0	0
103	107	102	106	22.579	GLU	GLN	0	0
102	106	105	109	4.337	GLN	ALA	0	0
105	109	102	106	4.028	ALA	GLN	0	0
102	106	106	110	7.540	GLN	LYS	0	0
106	110	102	106	12.351	LYS	GLN	0	0
102	106	172	176	4.736	GLN	LYS	0	0
172	176	102	106	5.258	LYS	GLN	0	0
102	106	173	177	19.127	GLN	TRP	0	0
173	177	102	106	16.199	TRP	GLN	0	0
102	106	174	178	17.046	GLN	ARG	0	0
174	178	102	106	18.385	ARG	GLN	0	0
102	106	177	181	10.056	GLN	ASN	0	0
177	181	102	106	9.843	ASN	GLN	0	0
102	106	-1	-1	0.000	GLN	EXP	0	-1
103	107	104	108	38.247	GLU	VAL	0	0
104	108	103	107	27.749	VAL	GLU	0	0
103	107	106	110	9.108	GLU	LYS	0	0
106	110	103	107	12.546	LYS	GLU	0	0
103	107	107	111	7.876	GLU	ALA	0	0
107	111	103	107	11.361	ALA	GLU	0	0
103	107	-1	-1	17.321	GLU	EXP	0	-1
104	108	105	109	17.639	VAL	ALA	0	0
105	109	104	108	18.939	ALA	VAL	0	0
104	108	106	110	0.176	VAL	LYS	0	0
106	110	104	108	0.580	LYS	VAL	0	0
104	108	107	111	7.347	VAL	ALA	0	0
107	111	104	108	5.689	ALA	VAL	0	0
104	108	108	112	15.679	VAL	TYR	0	0
108	112	104	108	17.019	TYR	VAL	0	0
104	108	-1	-1	0.000	VAL	EXP	0	-1
105	109	106	110	18.210	ALA	LYS	0	0
106	110	105	109	18.217	LYS	ALA	0	0
105	109	108	112	3.817	ALA	TYR	0	0
108	112	105	109	3.235	TYR	ALA	0	0
105	109	109	113	3.092	ALA	ARG	0	0
109	113	105	109	2.016	ARG	ALA	0	0
105	109	110	114	9.502	ALA	ALA	0	0
110	114	105	109	8.623	ALA	ALA	0	0
105	109	171	175	3.090	ALA	ILE	0	0
171	175	105	109	4.577	ILE	ALA	0	0
105	109	173	177	7.227	ALA	TRP	0	0
173	177	105	109	7.799	TRP	ALA	0	0
105	109	-1	-1	0.000	ALA	EXP	0	-1
106	110	107	111	26.666	LYS	ALA	0	0
107	111	106	110	27.022	ALA	LYS	0	0
106	110	108	112	0.453	LYS	TYR	0	0
108	112	106	110	0.021	TYR	LYS	0	0
106	110	109	113	6.373	LYS	ARG	0	0
109	113	106	110	12.349	ARG	LYS	0	0
106	110	173	177	8.916	LYS	TRP	0	0
173	177	106	110	8.084	TRP	LYS	0	0
106	110	177	181	31.916	LYS	ASN	0	0
177	181	106	110	21.228	ASN	LYS	0	0
106	110	-1	-1	9.110	LYS	EXP	0	-1
107	111	108	112	17.145	ALA	TYR	0	0
108	112	107	111	19.849	TYR	ALA	0	0
107	111	109	113	8.049	ALA	ARG	0	0
109	113	107	111	14.614	ARG	ALA	0	0
107	111	-1	-1	0.000	ALA	EXP	0	-1
108	112	109	113	22.332	TYR	ARG	0	0
109	113	108	112	22.668	ARG	TYR	0	0
108	112	110	114	5.496	TYR	ALA	0	0
110	114	108	112	4.210	ALA	TYR	0	0
108	112	117	121	21.795	TYR	PHE	0	0
117	121	108	112	24.751	PHE	TYR	0	0
108	112	119	123	8.010	TYR	PHE	0	0
119	123	108	112	7.546	PHE	TYR	0	0
108	112	-1	-1	0.000	TYR	EXP	0	-1
109	113	110	114	20.681	ARG	ALA	0	0
110	114	109	113	19.362	ALA	ARG	0	0
109	113	111	115	1.550	ARG	LEU	0	0
111	115	109	113	5.877	LEU	ARG	0	0
109	113	-1	-1	3.986	ARG	EXP	0	-1
110	114	111	115	20.678	ALA	LEU	0	0
111	115	110	114	27.823	LEU	ALA	0	0
110	114	115	119	6.173	ALA	GLU	0	0
115	119	110	114	9.083	GLU	ALA	0	0
110	114	117	121	3.244	ALA	PHE	0	0
117	121	110	114	1.310	PHE	ALA	0	0
110	114	171	175	8.760	ALA	ILE	0	0
171	175	110	114	8.278	ILE	ALA	0	0
110	114	173	177	3.530	ALA	TRP	0	0
173	177	110	114	8.652	TRP	ALA	0	0
110	114	-1	-1	0.000	ALA	EXP	0	-1
111	115	112	116	40.780	LEU	ARG	0	0
112	116	111	115	41.142	ARG	LEU	0	0
111	115	115	119	6.835	LEU	GLU	0	0
115	119	111	115	8.535	GLU	LEU	0	0
111	115	170	174	3.254	LEU	THR	0	0
170	174	111	115	8.664	THR	LEU	0	0
111	115	171	175	13.971	LEU	ILE	0	0
171	175	111	115	13.913	ILE	LEU	0	0
111	115	179	183	6.241	LEU	PRO	0	0
179	183	111	115	4.528	PRO	LEU	0	0
111	115	181	185	12.516	LEU	VAL	0	0
181	185	111	115	10.214	VAL	LEU	0	0
111	115	-1	-1	5.484	LEU	EXP	0	-1
112	116	113	117	23.751	ARG	THR	0	0
113	117	112	116	22.907	THR	ARG	0	0
112	116	115	119	16.548	ARG	GLU	0	0
115	119	112	116	16.355	GLU	ARG	0	0
112	116	165	169	2.182	ARG	PRO	0	0
165	169	112	116	1.815	PRO	ARG	0	0
112	116	166	170	29.582	ARG	ALA	0	0
166	170	112	116	16.116	ALA	ARG	0	0
112	116	168	172	15.571	ARG	GLY	0	0
168	172	112	116	10.102	GLY	ARG	0	0
112	116	169	173	6.429	ARG	CYS	0	0
169	173	112	116	4.558	CYS	ARG	0	0
112	116	170	174	5.560	ARG	THR	0	0
170	174	112	116	4.137	THR	ARG	0	0
112	116	171	175	6.191	ARG	ILE	0	0
171	175	112	116	6.767	ILE	ARG	0	0
112	116	-1	-1	16.754	ARG	EXP	0	-1
113	117	114	118	21.127	THR	PRO	0	0
114	118	113	117	23.189	PRO	THR	0	0
113	117	168	172	4.192	THR	GLY	0	0
168	172	113	117	3.857	GLY	THR	0	0
113	117	169	173	14.400	THR	CYS	0	0
169	173	113	117	12.390	CYS	THR	0	0
113	117	171	175	6.464	THR	ILE	0	0
171	175	113	117	8.838	ILE	THR	0	0
113	117	-1	-1	0.000	THR	EXP	0	-1
114	118	115	119	25.403	PRO	GLU	0	0
115	119	114	118	20.720	GLU	PRO	0	0
114	118	131	135	8.914	PRO	VAL	0	0
131	135	114	118	7.374	VAL	PRO	0	0
114	118	135	139	1.448	PRO	PRO	0	0
135	139	114	118	0.882	PRO	PRO	0	0
114	118	166	170	3.197	PRO	ALA	0	0
166	170	114	118	3.137	ALA	PRO	0	0
114	118	167	171	8.968	PRO	ILE	0	0
167	171	114	118	4.348	ILE	PRO	0	0
114	118	-1	-1	0.000	PRO	EXP	0	-1
115	119	116	120	22.365	GLU	VAL	0	0
116	120	115	119	20.948	VAL	GLU	0	0
115	119	117	121	13.165	GLU	PHE	0	0
117	121	115	119	10.675	PHE	GLU	0	0
115	119	128	132	13.171	GLU	HIS	0	0
128	132	115	119	15.257	HIS	GLU	0	0
115	119	129	133	0.511	GLU	GLY	0	0
129	133	115	119	2.255	GLY	GLU	0	0
115	119	166	170	12.461	GLU	ALA	0	0
166	170	115	119	10.071	ALA	GLU	0	0
115	119	-1	-1	0.000	GLU	EXP	0	-1
116	120	117	121	25.103	VAL	PHE	0	0
117	121	116	120	21.634	PHE	VAL	0	0
116	120	118	122	0.666	VAL	LEU	0	0
118	122	116	120	0.640	LEU	VAL	0	0
116	120	127	131	3.795	VAL	TYR	0	0
127	131	116	120	3.232	TYR	VAL	0	0
116	120	128	132	7.706	VAL	HIS	0	0
128	132	116	120	7.154	HIS	VAL	0	0
116	120	129	133	17.364	VAL	GLY	0	0
129	133	116	120	14.650	GLY	VAL	0	0
116	120	131	135	3.721	VAL	VAL	0	0
131	135	116	120	3.586	VAL	VAL	0	0
116	120	146	150	14.705	VAL	LEU	0	0
146	150	116	120	14.199	LEU	VAL	0	0
116	120	-1	-1	0.000	VAL	EXP	0	-1
117	121	118	122	20.005	PHE	LEU	0	0
118	122	117	121	21.008	LEU	PHE	0	0
117	121	119	123	9.657	PHE	PHE	0	0
119	123	117	121	10.549	PHE	PHE	0	0
117	121	125	129	11.045	PHE	LEU	0	0
125	129	117	121	9.380	LEU	PHE	0	0
117	121	127	131	1.244	PHE	TYR	0	0
127	131	117	121	1.107	TYR	PHE	0	0
117	121	128	132	17.811	PHE	HIS	0	0
128	132	117	121	17.717	HIS	PHE	0	0
117	121	-1	-1	0.000	PHE	EXP	0	-1
118	122	119	123	23.839	LEU	PHE	0	0
119	123	118	122	22.608	PHE	LEU	0	0
118	122	125	129	4.438	LEU	LEU	0	0
125	129	118	122	6.189	LEU	LEU	0	0
118	122	126	130	6.952	LEU	ARG	0	0
126	130	118	122	7.085	ARG	LEU	0	0
118	122	127	131	20.026	LEU	TYR	0	0
127	131	118	122	20.749	TYR	LEU	0	0
118	122	146	150	7.160	LEU	LEU	0	0
146	150	118	122	4.588	LEU	LEU	0	0
118	122	149	153	4.303	LEU	ALA	0	0
149	153	118	122	3.844	ALA	LEU	0	0
118	122	150	154	9.230	LEU	ILE	0	0
150	154	118	122	7.260	ILE	LEU	0	0
118	122	153	157	10.980	LEU	LEU	0	0
153	157	118	122	7.992	LEU	LEU	0	0
118	122	-1	-1	0.000	LEU	EXP	0	-1
119	123	120	124	22.530	PHE	ASP	0	0
120	124	119	123	21.954	ASP	PHE	0	0
119	123	123	127	14.143	PHE	ARG	0	0
123	127	119	123	11.639	ARG	PHE	0	0
119	123	124	128	7.524	PHE	LEU	0	0
124	128	119	123	6.094	LEU	PHE	0	0
119	123	125	129	14.576	PHE	LEU	0	0
125	129	119	123	12.892	LEU	PHE	0	0
119	123	-1	-1	0.000	PHE	EXP	0	-1
120	124	121	125	22.274	ASP	GLU	0	0
121	125	120	124	30.060	GLU	ASP	0	0
120	124	122	126	13.388	ASP	ARG	0	0
122	126	120	124	24.304	ARG	ASP	0	0
120	124	123	127	14.038	ASP	ARG	0	0
123	127	120	124	20.810	ARG	ASP	0	0
120	124	124	128	15.564	ASP	LEU	0	0
124	128	120	124	15.939	LEU	ASP	0	0
120	124	126	130	21.154	ASP	ARG	0	0
126	130	120	124	23.607	ARG	ASP	0	0
120	124	153	157	0.670	ASP	LEU	0	0
153	157	120	124	0.940	LEU	ASP	0	0
120	124	-1	-1	0.000	ASP	EXP	0	-1
121	125	122	126	42.289	GLU	ARG	0	0
122	126	121	125	33.477	ARG	GLU	0	0
121	125	123	127	3.396	GLU	ARG	0	0
123	127	121	125	6.227	ARG	GLU	0	0
121	125	-1	-1	15.343	GLU	EXP	0	-1
122	126	123	127	27.596	ARG	ARG	0	0
123	127	122	126	28.157	ARG	ARG	0	0
122	126	124	128	36.935	ARG	LEU	0	0
124	128	122	126	28.128	LEU	ARG	0	0
122	126	-1	-1	37.042	ARG	EXP	0	-1
123	127	124	128	17.823	ARG	LEU	0	0
124	128	123	127	19.393	LEU	ARG	0	0
123	127	-1	-1	1.147	ARG	EXP	0	-1
124	128	125	129	20.338	LEU	LEU	0	0
125	129	124	128	18.546	LEU	LEU	0	0
124	128	126	130	3.535	LEU	ARG	0	0
126	130	124	128	4.398	ARG	LEU	0	0
124	128	-1	-1	0.250	LEU	EXP	0	-1
125	129	126	130	20.743	LEU	ARG	0	0
126	130	125	129	23.437	ARG	LEU	0	0
125	129	127	131	6.287	LEU	TYR	0	0
127	131	125	129	4.123	TYR	LEU	0	0
125	129	128	132	5.415	LEU	HIS	0	0
128	132	125	129	7.054	HIS	LEU	0	0
125	129	-1	-1	0.000	LEU	EXP	0	-1
126	130	127	131	24.715	ARG	TYR	0	0
127	131	126	130	28.370	TYR	ARG	0	0
126	130	153	157	24.431	ARG	LEU	0	0
153	157	126	130	20.409	LEU	ARG	0	0
126	130	157	161	2.258	ARG	GLU	0	0
157	161	126	130	0.546	GLU	ARG	0	0
126	130	158	162	21.446	ARG	GLU	0	0
158	162	126	130	28.279	GLU	ARG	0	0
126	130	159	163	9.704	ARG	PRO	0	0
159	163	126	130	11.018	PRO	ARG	0	0
126	130	-1	-1	0.000	ARG	EXP	0	-1
127	131	128	132	36.001	TYR	HIS	0	0
128	132	127	131	33.237	HIS	TYR	0	0
127	131	129	133	5.199	TYR	GLY	0	0
129	133	127	131	1.548	GLY	TYR	0	0
127	131	130	134	12.659	TYR	ARG	0	0
130	134	127	131	12.476	ARG	TYR	0	0
127	131	145	149	13.653	TYR	ASP	0	0
145	149	127	131	12.436	ASP	TYR	0	0
127	131	146	150	9.947	TYR	LEU	0	0
146	150	127	131	8.308	LEU	TYR	0	0
127	131	149	153	17.192	TYR	ALA	0	0
149	153	127	131	9.508	ALA	TYR	0	0
127	131	159	163	2.291	TYR	PRO	0	0
159	163	127	131	1.365	PRO	TYR	0	0
127	131	164	168	9.441	TYR	ALA	0	0
164	168	127	131	6.516	ALA	TYR	0	0
127	131	-1	-1	0.000	TYR	EXP	0	-1
128	132	129	133	29.464	HIS	GLY	0	0
129	133	128	132	23.097	GLY	HIS	0	0
128	132	163	167	6.207	HIS	GLU	0	0
163	167	128	132	5.477	GLU	HIS	0	0
128	132	164	168	1.439	HIS	ALA	0	0
164	168	128	132	2.084	ALA	HIS	0	0
128	132	-1	-1	0.000	HIS	EXP	0	-1
129	133	130	134	21.546	GLY	ARG	0	0
130	134	129	133	18.847	ARG	GLY	0	0
129	133	164	168	3.260	GLY	ALA	0	0
164	168	129	133	3.387	ALA	GLY	0	0
129	133	165	169	0.627	GLY	PRO	0	0
165	169	129	133	0.582	PRO	GLY	0	0
129	133	166	170	8.152	GLY	ALA	0	0
166	170	129	133	6.006	ALA	GLY	0	0
129	133	-1	-1	0.000	GLY	EXP	0	-1
130	134	131	135	25.007	ARG	VAL	0	0
131	135	130	134	25.797	VAL	ARG	0	0
130	134	132	136	12.013	ARG	ASN	0	0
132	136	130	134	8.928	ASN	ARG	0	0
130	134	133	137	7.748	ARG	ASP	0	0
133	137	130	134	8.231	ASP	ARG	0	0
130	134	145	149	11.351	ARG	ASP	0	0
145	149	130	134	11.368	ASP	ARG	0	0
130	134	164	168	24.747	ARG	ALA	0	0
164	168	130	134	15.902	ALA	ARG	0	0
130	134	165	169	20.883	ARG	PRO	0	0
165	169	130	134	22.231	PRO	ARG	0	0
130	134	166	170	4.637	ARG	ALA	0	0
166	170	130	134	2.759	ALA	ARG	0	0
130	134	167	171	25.272	ARG	ILE	0	0
167	171	130	134	21.359	ILE	ARG	0	0
130	134	-1	-1	1.276	ARG	EXP	0	-1
131	135	132	136	28.435	VAL	ASN	0	0
132	136	131	135	31.612	ASN	VAL	0	0
131	135	135	139	4.831	VAL	PRO	0	0
135	139	131	135	7.979	PRO	VAL	0	0
131	135	145	149	1.086	VAL	ASP	0	0
145	149	131	135	1.319	ASP	VAL	0	0
131	135	146	150	15.678	VAL	LEU	0	0
146	150	131	135	13.490	LEU	VAL	0	0
131	135	-1	-1	0.000	VAL	EXP	0	-1
132	136	133	137	17.415	ASN	ASP	0	0
133	137	132	136	19.711	ASP	ASN	0	0
132	136	134	138	9.593	ASN	ASN	0	0
134	138	132	136	7.802	ASN	ASN	0	0
132	136	135	139	13.188	ASN	PRO	0	0
135	139	132	136	12.661	PRO	ASN	0	0
132	136	141	145	10.260	ASN	VAL	0	0
141	145	132	136	10.229	VAL	ASN	0	0
132	136	143	147	6.831	ASN	SER	0	0
143	147	132	136	3.757	SER	ASN	0	0
132	136	144	148	1.109	ASN	HIS	0	0
144	148	132	136	2.827	HIS	ASN	0	0
132	136	145	149	3.462	ASN	ASP	0	0
145	149	132	136	5.572	ASP	ASN	0	0
132	136	167	171	0.035	ASN	ILE	0	0
167	171	132	136	2.468	ILE	ASN	0	0
132	136	-1	-1	0.000	ASN	EXP	0	-1
133	137	134	138	31.767	ASP	ASN	0	0
134	138	133	137	28.969	ASN	ASP	0	0
133	137	141	145	4.085	ASP	VAL	0	0
141	145	133	137	5.374	VAL	ASP	0	0
133	137	142	146	16.820	ASP	GLN	0	0
142	146	133	137	17.886	GLN	ASP	0	0
133	137	143	147	21.129	ASP	SER	0	0
143	147	133	137	15.636	SER	ASP	0	0
133	137	145	149	2.835	ASP	ASP	0	0
145	149	133	137	2.862	ASP	ASP	0	0
133	137	167	171	10.782	ASP	ILE	0	0
167	171	133	137	10.121	ILE	ASP	0	0
133	137	-1	-1	1.715	ASP	EXP	0	-1
134	138	135	139	23.426	ASN	PRO	0	0
135	139	134	138	23.277	PRO	ASN	0	0
134	138	136	140	12.118	ASN	LYS	0	0
136	140	134	138	13.454	LYS	ASN	0	0
134	138	137	141	19.380	ASN	ASP	0	0
137	141	134	138	17.539	ASP	ASN	0	0
134	138	140	144	18.423	ASN	LYS	0	0
140	144	134	138	23.080	LYS	ASN	0	0
134	138	141	145	8.980	ASN	VAL	0	0
141	145	134	138	8.868	VAL	ASN	0	0
134	138	-1	-1	0.002	ASN	EXP	0	-1
135	139	136	140	19.402	PRO	LYS	0	0
136	140	135	139	21.160	LYS	PRO	0	0
135	139	137	141	1.557	PRO	ASP	0	0
137	141	135	139	0.537	ASP	PRO	0	0
135	139	167	171	13.980	PRO	ILE	0	0
167	171	135	139	19.718	ILE	PRO	0	0
135	139	-1	-1	0.000	PRO	EXP	0	-1
136	140	137	141	31.814	LYS	ASP	0	0
137	141	136	140	28.095	ASP	LYS	0	0
136	140	138	142	1.434	LYS	PRO	0	0
138	142	136	140	1.008	PRO	LYS	0	0
136	140	-1	-1	9.314	LYS	EXP	0	-1
137	141	138	142	24.338	ASP	PRO	0	0
138	142	137	141	28.296	PRO	ASP	0	0
137	141	139	143	19.638	ASP	SER	0	0
139	143	137	141	22.635	SER	ASP	0	0
137	141	140	144	24.904	ASP	LYS	0	0
140	144	137	141	31.990	LYS	ASP	0	0
137	141	141	145	3.556	ASP	VAL	0	0
141	145	137	141	3.796	VAL	ASP	0	0
137	141	-1	-1	0.179	ASP	EXP	0	-1
138	142	139	143	37.825	PRO	SER	0	0
139	143	138	142	30.350	SER	PRO	0	0
138	142	140	144	1.237	PRO	LYS	0	0
140	144	138	142	1.173	LYS	PRO	0	0
138	142	141	145	15.577	PRO	VAL	0	0
141	145	138	142	15.569	VAL	PRO	0	0
138	142	-1	-1	2.402	PRO	EXP	0	-1
139	143	140	144	42.460	SER	LYS	0	0
140	144	139	143	30.141	LYS	SER	0	0
139	143	-1	-1	2.467	SER	EXP	0	-1
140	144	141	145	22.621	LYS	VAL	0	0
141	145	140	144	22.163	VAL	LYS	0	0
140	144	142	146	7.932	LYS	GLN	0	0
142	146	140	144	14.457	GLN	LYS	0	0
140	144	-1	-1	30.427	LYS	EXP	0	-1
141	145	142	146	30.498	VAL	GLN	0	0
142	146	141	145	37.188	GLN	VAL	0	0
141	145	143	147	6.923	VAL	SER	0	0
143	147	141	145	5.163	SER	VAL	0	0
141	145	144	148	10.413	VAL	HIS	0	0
144	148	141	145	19.919	HIS	VAL	0	0
141	145	-1	-1	0.000	VAL	EXP	0	-1
142	146	143	147	40.291	GLN	SER	0	0
143	147	142	146	27.075	SER	GLN	0	0
142	146	-1	-1	25.266	GLN	EXP	0	-1
143	147	144	148	24.800	SER	HIS	0	0
144	148	143	147	31.311	HIS	SER	0	0
143	147	145	149	19.561	SER	ASP	0	0
145	149	143	147	20.441	ASP	SER	0	0
143	147	-1	-1	0.000	SER	EXP	0	-1
144	148	145	149	23.017	HIS	ASP	0	0
145	149	144	148	20.605	ASP	HIS	0	0
144	148	147	151	23.094	HIS	GLU	0	0
147	151	144	148	24.079	GLU	HIS	0	0
144	148	148	152	8.048	HIS	ALA	0	0
148	152	144	148	13.090	ALA	HIS	0	0
144	148	-1	-1	8.432	HIS	EXP	0	-1
145	149	146	150	20.620	ASP	LEU	0	0
146	150	145	149	20.886	LEU	ASP	0	0
145	149	148	152	6.874	ASP	ALA	0	0
148	152	145	149	5.381	ALA	ASP	0	0
145	149	149	153	7.089	ASP	ALA	0	0
149	153	145	149	7.893	ALA	ASP	0	0
145	149	164	168	10.286	ASP	ALA	0	0
164	168	145	149	7.756	ALA	ASP	0	0
145	149	-1	-1	0.000	ASP	EXP	0	-1
146	150	147	151	21.276	LEU	GLU	0	0
147	151	146	150	23.485	GLU	LEU	0	0
146	150	149	153	7.368	LEU	ALA	0	0
149	153	146	150	4.812	ALA	LEU	0	0
146	150	150	154	18.178	LEU	ILE	0	0
150	154	146	150	18.390	ILE	LEU	0	0
146	150	-1	-1	0.000	LEU	EXP	0	-1
147	151	148	152	21.660	GLU	ALA	0	0
148	152	147	151	25.789	ALA	GLU	0	0
147	151	149	153	0.549	GLU	ALA	0	0
149	153	147	151	0.941	ALA	GLU	0	0
147	151	150	154	4.834	GLU	ILE	0	0
150	154	147	151	6.069	ILE	GLU	0	0
147	151	151	155	17.426	GLU	GLU	0	0
151	155	147	151	15.659	GLU	GLU	0	0
147	151	-1	-1	6.444	GLU	EXP	0	-1
148	152	149	153	26.724	ALA	ALA	0	0
149	153	148	152	19.581	ALA	ALA	0	0
148	152	151	155	3.451	ALA	GLU	0	0
151	155	148	152	3.346	GLU	ALA	0	0
148	152	152	156	9.841	ALA	ALA	0	0
152	156	148	152	10.164	ALA	ALA	0	0
148	152	160	164	3.714	ALA	PRO	0	0
160	164	148	152	9.369	PRO	ALA	0	0
148	152	-1	-1	0.860	ALA	EXP	0	-1
149	153	150	154	18.559	ALA	ILE	0	0
150	154	149	153	20.495	ILE	ALA	0	0
149	153	152	156	6.783	ALA	ALA	0	0
152	156	149	153	4.857	ALA	ALA	0	0
149	153	153	157	7.809	ALA	LEU	0	0
153	157	149	153	10.189	LEU	ALA	0	0
149	153	159	163	9.712	ALA	PRO	0	0
159	163	149	153	9.725	PRO	ALA	0	0
149	153	-1	-1	0.000	ALA	EXP	0	-1
150	154	151	155	17.928	ILE	GLU	0	0
151	155	150	154	20.865	GLU	ILE	0	0
150	154	152	156	1.319	ILE	ALA	0	0
152	156	150	154	0.322	ALA	ILE	0	0
150	154	153	157	4.035	ILE	LEU	0	0
153	157	150	154	4.683	LEU	ILE	0	0
150	154	154	158	13.068	ILE	LEU	0	0
154	158	150	154	14.554	LEU	ILE	0	0
150	154	-1	-1	0.000	ILE	EXP	0	-1
151	155	152	156	18.375	GLU	ALA	0	0
152	156	151	155	20.515	ALA	GLU	0	0
151	155	154	158	15.551	GLU	LEU	0	0
154	158	151	155	14.094	LEU	GLU	0	0
151	155	155	159	36.642	GLU	ARG	0	0
155	159	151	155	41.248	ARG	GLU	0	0
151	155	-1	-1	1.549	GLU	EXP	0	-1
152	156	153	157	17.518	ALA	LEU	0	0
153	157	152	156	20.075	LEU	ALA	0	0
152	156	154	158	0.536	ALA	LEU	0	0
154	158	152	156	0.404	LEU	ALA	0	0
152	156	155	159	6.344	ALA	ARG	0	0
155	159	152	156	9.516	ARG	ALA	0	0
152	156	156	160	1.379	ALA	GLY	0	0
156	160	152	156	1.062	GLY	ALA	0	0
152	156	157	161	18.642	ALA	GLU	0	0
157	161	152	156	20.913	GLU	ALA	0	0
152	156	158	162	3.220	ALA	GLU	0	0
158	162	152	156	1.059	GLU	ALA	0	0
152	156	159	163	4.788	ALA	PRO	0	0
159	163	152	156	4.687	PRO	ALA	0	0
152	156	-1	-1	0.000	ALA	EXP	0	-1
153	157	154	158	25.716	LEU	LEU	0	0
154	158	153	157	27.182	LEU	LEU	0	0
153	157	155	159	2.059	LEU	ARG	0	0
155	159	153	157	1.077	ARG	LEU	0	0
153	157	156	160	8.835	LEU	GLY	0	0
156	160	153	157	8.718	GLY	LEU	0	0
153	157	157	161	7.122	LEU	GLU	0	0
157	161	153	157	4.179	GLU	LEU	0	0
153	157	159	163	7.219	LEU	PRO	0	0
159	163	153	157	8.390	PRO	LEU	0	0
153	157	-1	-1	0.000	LEU	EXP	0	-1
154	158	155	159	38.628	LEU	ARG	0	0
155	159	154	158	26.823	ARG	LEU	0	0
154	158	-1	-1	3.107	LEU	EXP	0	-1
155	159	156	160	30.122	ARG	GLY	0	0
156	160	155	159	25.188	GLY	ARG	0	0
155	159	157	161	37.100	ARG	GLU	0	0
157	161	155	159	30.804	GLU	ARG	0	0
155	159	-1	-1	20.736	ARG	EXP	0	-1
156	160	157	161	40.182	GLY	GLU	0	0
157	161	156	160	25.645	GLU	GLY	0	0
156	160	-1	-1	0.000	GLY	EXP	0	-1
157	161	158	162	33.845	GLU	GLU	0	0
158	162	157	161	37.240	GLU	GLU	0	0
157	161	159	163	1.352	GLU	PRO	0	0
159	163	157	161	0.937	PRO	GLU	0	0
157	161	-1	-1	20.042	GLU	EXP	0	-1
158	162	159	163	45.489	GLU	PRO	0	0
159	163	158	162	35.493	PRO	GLU	0	0
158	162	161	165	12.663	GLU	LEU	0	0
161	165	158	162	11.477	LEU	GLU	0	0
158	162	-1	-1	10.595	GLU	EXP	0	-1
159	163	160	164	34.080	PRO	PRO	0	0
160	164	159	163	47.369	PRO	PRO	0	0
159	163	161	165	1.830	PRO	LEU	0	0
161	165	159	163	6.563	LEU	PRO	0	0
159	163	-1	-1	0.000	PRO	EXP	0	-1
160	164	161	165	32.536	PRO	LEU	0	0
161	165	160	164	34.157	LEU	PRO	0	0
160	164	162	166	9.968	PRO	LYS	0	0
162	166	160	164	6.320	LYS	PRO	0	0
160	164	-1	-1	8.288	PRO	EXP	0	-1
161	165	162	166	40.881	LEU	LYS	0	0
162	166	161	165	35.594	LYS	LEU	0	0
161	165	-1	-1	33.774	LEU	EXP	0	-1
162	166	163	167	52.896	LYS	GLU	0	0
163	167	162	166	43.249	GLU	LYS	0	0
162	166	-1	-1	50.317	LYS	EXP	0	-1
163	167	164	168	26.844	GLU	ALA	0	0
164	168	163	167	29.268	ALA	GLU	0	0
163	167	165	169	22.632	GLU	PRO	0	0
165	169	163	167	21.070	PRO	GLU	0	0
163	167	-1	-1	6.744	GLU	EXP	0	-1
164	168	165	169	22.235	ALA	PRO	0	0
165	169	164	168	23.272	PRO	ALA	0	0
164	168	-1	-1	0.000	ALA	EXP	0	-1
165	169	166	170	34.139	PRO	ALA	0	0
166	170	165	169	27.321	ALA	PRO	0	0
165	169	167	171	0.540	PRO	ILE	0	0
167	171	165	169	1.487	ILE	PRO	0	0
165	169	-1	-1	4.032	PRO	EXP	0	-1
166	170	167	171	23.056	ALA	ILE	0	0
167	171	166	170	28.311	ILE	ALA	0	0
166	170	-1	-1	0.000	ALA	EXP	0	-1
167	171	168	172	26.997	ILE	GLY	0	0
168	172	167	171	24.275	GLY	ILE	0	0
167	171	-1	-1	2.133	ILE	EXP	0	-1
168	172	169	173	28.424	GLY	CYS	0	0
169	173	168	172	22.014	CYS	GLY	0	0
168	172	-1	-1	0.000	GLY	EXP	0	-1
169	173	170	174	29.462	CYS	THR	0	0
170	174	169	173	32.513	THR	CYS	0	0
169	173	172	176	2.311	CYS	LYS	0	0
172	176	169	173	2.307	LYS	CYS	0	0
169	173	-1	-1	0.000	CYS	EXP	0	-1
170	174	171	175	29.742	THR	ILE	0	0
171	175	170	174	24.807	ILE	THR	0	0
170	174	172	176	22.027	THR	LYS	0	0
172	176	170	174	23.162	LYS	THR	0	0
170	174	-1	-1	11.835	THR	EXP	0	-1
171	175	172	176	19.856	ILE	LYS	0	0
172	176	171	175	23.185	LYS	ILE	0	0
171	175	173	177	27.663	ILE	TRP	0	0
173	177	171	175	32.419	TRP	ILE	0	0
171	175	-1	-1	0.000	ILE	EXP	0	-1
172	176	173	177	22.662	LYS	TRP	0	0
173	177	172	176	28.820	TRP	LYS	0	0
172	176	-1	-1	0.000	LYS	EXP	0	-1
173	177	174	178	23.999	TRP	ARG	0	0
174	178	173	177	20.098	ARG	TRP	0	0
173	177	177	181	11.258	TRP	ASN	0	0
177	181	173	177	8.977	ASN	TRP	0	0
173	177	178	182	17.047	TRP	GLU	0	0
178	182	173	177	21.062	GLU	TRP	0	0
173	177	179	183	20.981	TRP	PRO	0	0
179	183	173	177	15.564	PRO	TRP	0	0
173	177	-1	-1	0.000	TRP	EXP	0	-1
174	178	175	179	28.147	ARG	PRO	0	0
175	179	174	178	41.835	PRO	ARG	0	0
174	178	176	180	0.318	ARG	GLY	0	0
176	180	174	178	1.285	GLY	ARG	0	0
174	178	177	181	20.772	ARG	ASN	0	0
177	181	174	178	19.177	ASN	ARG	0	0
174	178	178	182	3.665	ARG	GLU	0	0
178	182	174	178	4.058	GLU	ARG	0	0
174	178	-1	-1	2.073	ARG	EXP	0	-1
175	179	176	180	38.348	PRO	GLY	0	0
176	180	175	179	25.510	GLY	PRO	0	0
175	179	177	181	1.409	PRO	ASN	0	0
177	181	175	179	2.096	ASN	PRO	0	0
175	179	178	182	1.187	PRO	GLU	0	0
178	182	175	179	4.670	GLU	PRO	0	0
175	179	-1	-1	13.110	PRO	EXP	0	-1
176	180	177	181	37.547	GLY	ASN	0	0
177	181	176	180	28.065	ASN	GLY	0	0
176	180	178	182	10.317	GLY	GLU	0	0
178	182	176	180	20.186	GLU	GLY	0	0
176	180	-1	-1	0.000	GLY	EXP	0	-1
177	181	178	182	20.330	ASN	GLU	0	0
178	182	177	181	28.254	GLU	ASN	0	0
177	181	179	183	2.557	ASN	PRO	0	0
179	183	177	181	4.223	PRO	ASN	0	0
177	181	-1	-1	1.227	ASN	EXP	0	-1
178	182	179	183	34.755	GLU	PRO	0	0
179	183	178	182	28.626	PRO	GLU	0	0
178	182	180	184	5.121	GLU	GLU	0	0
180	184	178	182	15.185	GLU	GLU	0	0
178	182	-1	-1	14.018	GLU	EXP	0	-1
179	183	180	184	24.023	PRO	GLU	0	0
180	184	179	183	28.385	GLU	PRO	0	0
179	183	181	185	14.145	PRO	VAL	0	0
181	185	179	183	10.280	VAL	PRO	0	0
179	183	-1	-1	0.000	PRO	EXP	0	-1
180	184	181	185	23.002	GLU	VAL	0	0
181	185	180	184	23.184	VAL	GLU	0	0
180	184	182	186	16.934	GLU	ARG	0	0
182	186	180	184	17.229	ARG	GLU	0	0
180	184	-1	-1	24.133	GLU	EXP	0	-1
181	185	182	186	44.506	VAL	ARG	0	0
182	186	181	185	47.544	ARG	VAL	0	0
181	185	-1	-1	4.327	VAL	EXP	0	-1
182	186	183	187	23.823	ARG	ILE	0	0
183	187	182	186	35.237	ILE	ARG	0	0
182	186	184	188	12.237	ARG	GLY	0	0
184	188	182	186	8.737	GLY	ARG	0	0
182	186	-1	-1	24.351	ARG	EXP	0	-1
183	187	184	188	44.342	ILE	GLY	0	0
184	188	183	187	37.453	GLY	ILE	0	0
183	187	-1	-1	38.729	ILE	EXP	0	-1
184	188	-1	-1	10.365	GLY	EXP	0	-1
#CACD
CA	0	2	0	LEU	41.422	21.567	17.524
CA	1	3	0	GLN	37.772	22.547	17.013
CA	2	4	0	TYR	34.473	20.666	17.404
CA	3	5	0	PRO	35.954	17.274	18.387
CA	4	6	0	GLU	33.444	14.457	18.858
CA	5	7	0	LEU	32.181	13.678	22.357
CA	6	8	0	PRO	34.603	11.039	23.732
CA	7	9	0	LEU	33.459	7.743	25.234
CA	8	10	0	GLU	32.725	7.836	28.974
CA	9	11	0	SER	31.657	11.484	28.704
CA	10	12	0	PRO	28.632	12.351	30.892
CA	11	13	0	LEU	25.185	12.877	29.380
CA	12	14	0	ILE	24.660	16.468	28.255
CA	13	15	0	ASP	21.212	17.400	29.524
CA	14	16	0	ALA	18.648	19.244	27.425
CA	15	17	0	GLU	14.979	20.140	27.666
CA	16	18	0	LEU	13.127	20.420	24.366
CA	17	19	0	PRO	9.552	20.380	22.996
CA	18	20	0	ASP	7.886	17.556	21.040
CA	19	21	0	PRO	5.705	19.071	18.242
CA	20	22	0	ARG	2.966	16.583	19.165
CA	21	23	0	GLY	2.782	18.135	22.621
CA	22	24	0	GLY	4.730	18.537	25.844
CA	23	25	0	ARG	8.381	19.086	26.720
CA	24	26	0	TYR	11.013	16.496	27.647
CA	25	27	0	ARG	14.275	16.561	29.600
CA	26	28	0	LEU	17.005	14.068	28.637
CA	27	29	0	SER	17.740	13.396	32.315
CA	28	30	0	GLN	14.080	12.536	33.048
CA	29	31	0	PHE	14.452	9.126	31.379
CA	30	32	0	HIS	15.516	6.553	33.950
CA	31	33	0	GLU	15.803	3.338	31.915
CA	32	34	0	PRO	19.150	1.492	32.345
CA	33	35	0	LEU	20.245	2.647	28.877
CA	34	36	0	LEU	19.497	5.837	26.934
CA	35	37	0	ALA	19.781	6.267	23.174
CA	36	38	0	VAL	19.838	9.858	21.921
CA	37	39	0	VAL	19.416	10.006	18.151
CA	38	40	0	PHE	19.933	13.139	16.084
CA	39	42	0	CYS	15.133	14.528	10.861
CA	40	43	0	ASN	12.358	13.752	8.371
CA	41	44	0	HIS	13.918	14.461	4.943
CA	42	45	0	CYS	17.099	12.382	5.127
CA	43	46	0	PRO	16.988	9.072	3.206
CA	44	47	0	TYR	19.387	7.586	5.774
CA	45	48	0	VAL	16.832	8.295	8.508
CA	46	49	0	LYS	13.940	7.129	6.298
CA	47	50	0	GLY	15.632	3.803	5.624
CA	48	51	0	SER	16.583	3.169	9.245
CA	49	52	0	ILE	13.661	4.607	11.239
CA	50	53	0	GLY	11.761	1.322	10.979
CA	51	54	0	GLU	14.668	-0.402	12.718
CA	52	55	0	LEU	15.058	2.416	15.263
CA	53	56	0	VAL	11.382	2.153	16.232
CA	54	57	0	ALA	11.591	-1.658	16.290
CA	55	58	0	LEU	14.596	-1.486	18.638
CA	56	59	0	ALA	12.730	0.971	20.868
CA	57	60	0	GLU	9.749	-1.409	20.925
CA	58	61	0	ARG	11.879	-4.470	21.704
CA	59	62	0	TYR	13.750	-2.628	24.455
CA	60	63	0	ARG	10.827	-0.889	26.190
CA	61	64	0	GLY	11.771	-0.381	29.836
CA	62	65	0	LYS	15.415	-1.260	29.117
CA	63	66	0	VAL	16.567	1.360	26.589
CA	64	67	0	ALA	14.899	4.761	26.410
CA	65	68	0	PHE	14.964	6.314	22.940
CA	66	69	0	VAL	14.876	10.031	22.159
CA	67	70	0	GLY	14.930	11.558	18.693
CA	68	71	0	ILE	16.154	15.121	18.124
CA	69	72	0	ASN	15.660	17.159	14.941
CA	70	73	0	ALA	17.895	20.243	14.867
CA	71	74	0	ASN	17.613	20.921	11.125
CA	72	75	0	ASP	17.019	24.313	9.532
CA	73	76	0	TYR	13.407	23.813	8.475
CA	74	77	0	GLU	13.194	27.149	6.661
CA	75	78	0	LYS	15.668	25.777	4.107
CA	76	79	0	TYR	14.400	22.190	4.579
CA	77	80	0	PRO	10.564	22.454	4.873
CA	78	81	0	GLU	10.224	18.656	5.084
CA	79	82	0	ASP	11.887	18.927	8.507
CA	80	83	0	ALA	9.380	21.442	9.916
CA	81	84	0	PRO	7.708	20.817	13.333
CA	82	85	0	GLU	4.340	19.970	11.736
CA	83	86	0	LYS	6.124	17.501	9.462
CA	84	88	0	ALA	4.453	15.085	14.010
CA	85	89	0	ALA	3.298	13.507	10.728
CA	86	90	0	PHE	6.604	11.615	10.398
CA	87	91	0	ALA	6.161	10.269	13.934
CA	88	92	0	GLU	2.639	9.085	13.109
CA	89	93	0	GLU	3.726	7.538	9.796
CA	90	94	0	HIS	6.564	5.530	11.346
CA	91	95	0	GLY	5.070	4.804	14.765
CA	92	96	0	ILE	7.703	6.827	16.626
CA	93	97	0	PHE	6.151	6.343	20.079
CA	94	98	0	PHE	9.171	7.782	21.886
CA	95	99	0	PRO	9.843	11.551	22.179
CA	96	100	0	TYR	10.835	13.292	18.934
CA	97	101	0	LEU	12.197	16.702	19.930
CA	98	102	0	LEU	12.841	19.951	18.083
CA	99	103	0	ASP	16.171	21.689	18.725
CA	100	104	0	GLU	15.275	25.152	17.418
CA	101	105	0	THR	18.562	26.909	18.271
CA	102	106	0	GLN	20.641	23.877	17.265
CA	103	107	0	GLU	22.525	24.280	20.574
CA	104	108	0	VAL	21.913	20.684	21.662
CA	105	109	0	ALA	23.325	19.363	18.383
CA	106	110	0	LYS	26.316	21.684	18.933
CA	107	111	0	ALA	26.814	20.548	22.545
CA	108	112	0	TYR	26.904	16.919	21.373
CA	109	113	0	ARG	29.209	17.949	18.528
CA	110	114	0	ALA	26.860	16.026	16.242
CA	111	115	0	LEU	27.333	16.162	12.470
CA	112	116	0	ARG	24.904	13.789	10.780
CA	113	117	0	THR	21.457	12.187	10.709
CA	114	118	0	PRO	20.980	9.604	12.011
CA	115	119	0	GLU	23.701	9.907	14.664
CA	116	120	0	VAL	23.296	7.933	17.884
CA	117	121	0	PHE	24.704	8.525	21.361
CA	118	122	0	LEU	24.101	5.534	23.670
CA	119	123	0	PHE	24.517	6.049	27.433
CA	120	124	0	ASP	24.680	3.465	30.241
CA	121	125	0	GLU	23.302	3.295	33.814
CA	122	126	0	ARG	25.827	5.873	35.032
CA	123	127	0	ARG	24.799	7.964	32.018
CA	124	128	0	LEU	28.274	7.850	30.496
CA	125	129	0	LEU	28.739	7.538	26.721
CA	126	130	0	ARG	29.344	3.915	25.703
CA	127	131	0	TYR	28.580	3.907	21.982
CA	128	132	0	HIS	28.601	6.709	19.454
CA	129	133	0	GLY	27.938	6.497	15.754
CA	130	134	0	ARG	25.886	4.792	13.073
CA	131	135	0	VAL	22.573	2.971	13.462
CA	132	136	0	ASN	23.873	0.305	11.045
CA	133	137	0	ASP	26.289	0.058	8.095
CA	134	138	0	ASN	23.708	1.015	5.434
CA	135	139	0	PRO	20.997	3.266	6.939
CA	136	140	0	LYS	19.458	4.213	3.599
CA	137	141	0	ASP	18.905	0.614	2.458
CA	138	142	0	PRO	17.844	-2.148	4.929
CA	139	143	0	SER	18.274	-4.795	2.223
CA	140	144	0	LYS	21.999	-3.987	2.036
CA	141	145	0	VAL	22.745	-3.889	5.775
CA	142	146	0	GLN	25.483	-6.271	6.952
CA	143	147	0	SER	26.023	-4.846	10.437
CA	144	148	0	HIS	23.450	-3.686	13.002
CA	145	149	0	ASP	25.859	-1.613	15.069
CA	146	150	0	LEU	23.371	-0.014	17.471
CA	147	151	0	GLU	21.629	-3.323	18.200
CA	148	152	0	ALA	25.016	-4.970	18.815
CA	149	153	0	ALA	26.047	-2.185	21.217
CA	150	154	0	ILE	22.777	-2.430	23.158
CA	151	155	0	GLU	23.024	-6.232	23.411
CA	152	156	0	ALA	26.635	-5.964	24.563
CA	153	157	0	LEU	25.685	-3.513	27.312
CA	154	158	0	LEU	22.749	-5.667	28.424
CA	155	159	0	ARG	25.240	-8.510	28.923
CA	156	160	0	GLY	27.704	-6.273	30.771
CA	157	161	0	GLU	30.161	-6.488	27.876
CA	158	162	0	GLU	32.096	-3.750	26.123
CA	159	163	0	PRO	30.629	-2.805	22.712
CA	160	164	0	PRO	32.903	-3.349	19.642
CA	161	165	0	LEU	36.249	-1.575	20.076
CA	162	166	0	LYS	36.439	-0.391	16.460
CA	163	167	0	GLU	34.603	2.925	16.175
CA	164	168	0	ALA	31.739	3.002	13.665
CA	165	169	0	PRO	30.980	6.706	13.019
CA	166	170	0	ALA	27.591	7.963	11.892
CA	167	171	0	ILE	26.491	7.341	8.310
CA	168	172	0	GLY	23.986	9.818	6.929
CA	169	173	0	CYS	23.088	13.291	5.676
CA	170	174	0	THR	24.904	16.181	7.287
CA	171	175	0	ILE	22.872	18.118	9.861
CA	172	176	0	LYS	21.377	21.210	8.219
CA	173	177	0	TRP	22.877	24.121	10.117
CA	174	178	0	ARG	21.227	27.534	10.197
CA	175	179	0	PRO	23.140	30.411	8.529
CA	176	180	0	GLY	26.207	31.060	10.667
CA	177	181	0	ASN	25.780	27.926	12.793
CA	178	182	0	GLU	28.057	25.732	10.665
CA	179	183	0	PRO	30.598	24.039	12.966
CA	180	184	0	GLU	34.163	24.886	11.975
CA	181	185	0	VAL	35.679	21.433	12.442
CA	182	186	0	ARG	39.471	21.363	12.842
CA	183	187	0	ILE	41.481	18.199	13.471
CA	184	188	0	GLY	44.264	20.126	15.197
#FINISHED TOTAL TIME= 0.083791
