#Number of Res= 158
#Number of Chain= 1
#order1	real1	order2	real2	area	AA1	AA2	Cid1	Cid2
0	101	1	102	35.946	HIS	ASP	0	0
1	102	0	101	36.299	ASP	HIS	0	0
0	101	2	103	2.683	HIS	ASP	0	0
2	103	0	101	1.912	ASP	HIS	0	0
0	101	3	104	11.156	HIS	LEU	0	0
3	104	0	101	12.138	LEU	HIS	0	0
0	101	9	110	3.552	HIS	LEU	0	0
9	110	0	101	2.246	LEU	HIS	0	0
0	101	24	125	3.939	HIS	VAL	0	0
24	125	0	101	4.450	VAL	HIS	0	0
0	101	27	128	12.097	HIS	ASP	0	0
27	128	0	101	12.536	ASP	HIS	0	0
0	101	29	130	13.551	HIS	GLU	0	0
29	130	0	101	17.565	GLU	HIS	0	0
0	101	30	131	16.748	HIS	THR	0	0
30	131	0	101	11.766	THR	HIS	0	0
0	101	33	134	18.813	HIS	ARG	0	0
33	134	0	101	20.083	ARG	HIS	0	0
0	101	34	135	4.850	HIS	TYR	0	0
34	135	0	101	4.289	TYR	HIS	0	0
0	101	116	217	21.385	HIS	MET	0	0
116	217	0	101	10.887	MET	HIS	0	0
0	101	-1	-1	0.115	HIS	EXP	0	-1
1	102	2	103	34.788	ASP	ASP	0	0
2	103	1	102	29.662	ASP	ASP	0	0
1	102	3	104	2.534	ASP	LEU	0	0
3	104	1	102	1.527	LEU	ASP	0	0
1	102	29	130	4.647	ASP	GLU	0	0
29	130	1	102	5.282	GLU	ASP	0	0
1	102	33	134	4.568	ASP	ARG	0	0
33	134	1	102	2.660	ARG	ASP	0	0
1	102	145	246	7.308	ASP	PRO	0	0
145	246	1	102	11.276	PRO	ASP	0	0
1	102	-1	-1	30.127	ASP	EXP	0	-1
2	103	3	104	20.147	ASP	LEU	0	0
3	104	2	103	23.229	LEU	ASP	0	0
2	103	139	240	1.997	ASP	SER	0	0
139	240	2	103	0.256	SER	ASP	0	0
2	103	142	243	7.711	ASP	MET	0	0
142	243	2	103	11.244	MET	ASP	0	0
2	103	143	244	19.838	ASP	GLY	0	0
143	244	2	103	14.968	GLY	ASP	0	0
2	103	144	245	3.542	ASP	GLU	0	0
144	245	2	103	0.520	GLU	ASP	0	0
2	103	145	246	10.409	ASP	PRO	0	0
145	246	2	103	10.083	PRO	ASP	0	0
2	103	146	247	4.656	ASP	GLY	0	0
146	247	2	103	6.090	GLY	ASP	0	0
2	103	149	250	20.393	ASP	LEU	0	0
149	250	2	103	19.418	LEU	ASP	0	0
2	103	-1	-1	0.000	ASP	EXP	0	-1
3	104	4	105	26.434	LEU	LEU	0	0
4	105	3	104	22.714	LEU	LEU	0	0
3	104	9	110	4.550	LEU	LEU	0	0
9	110	3	104	6.570	LEU	LEU	0	0
3	104	33	134	7.124	LEU	ARG	0	0
33	134	3	104	12.120	ARG	LEU	0	0
3	104	34	135	10.578	LEU	TYR	0	0
34	135	3	104	10.438	TYR	LEU	0	0
3	104	114	215	6.636	LEU	ARG	0	0
114	215	3	104	6.271	ARG	LEU	0	0
3	104	115	216	5.433	LEU	ALA	0	0
115	216	3	104	4.484	ALA	LEU	0	0
3	104	116	217	7.586	LEU	MET	0	0
116	217	3	104	9.587	MET	LEU	0	0
3	104	146	247	6.630	LEU	GLY	0	0
146	247	3	104	3.526	GLY	LEU	0	0
3	104	147	248	4.068	LEU	ASP	0	0
147	248	3	104	3.856	ASP	LEU	0	0
3	104	148	249	3.540	LEU	TYR	0	0
148	249	3	104	2.446	TYR	LEU	0	0
3	104	149	250	11.154	LEU	LEU	0	0
149	250	3	104	11.673	LEU	LEU	0	0
3	104	-1	-1	0.000	LEU	EXP	0	-1
4	105	5	106	37.542	LEU	PRO	0	0
5	106	4	105	44.518	PRO	LEU	0	0
4	105	114	215	16.902	LEU	ARG	0	0
114	215	4	105	16.660	ARG	LEU	0	0
4	105	145	246	21.527	LEU	PRO	0	0
145	246	4	105	14.915	PRO	LEU	0	0
4	105	146	247	14.587	LEU	GLY	0	0
146	247	4	105	12.794	GLY	LEU	0	0
4	105	147	248	13.030	LEU	ASP	0	0
147	248	4	105	8.514	ASP	LEU	0	0
4	105	-1	-1	5.167	LEU	EXP	0	-1
5	106	6	107	33.829	PRO	GLY	0	0
6	107	5	106	29.753	GLY	PRO	0	0
5	106	33	134	7.934	PRO	ARG	0	0
33	134	5	106	7.998	ARG	PRO	0	0
5	106	114	215	8.675	PRO	ARG	0	0
114	215	5	106	9.835	ARG	PRO	0	0
5	106	-1	-1	13.296	PRO	EXP	0	-1
6	107	7	108	29.521	GLY	LYS	0	0
7	108	6	107	27.671	LYS	GLY	0	0
6	107	33	134	6.977	GLY	ARG	0	0
33	134	6	107	7.154	ARG	GLY	0	0
6	107	34	135	3.583	GLY	TYR	0	0
34	135	6	107	6.883	TYR	GLY	0	0
6	107	112	213	0.640	GLY	ASP	0	0
112	213	6	107	1.198	ASP	GLY	0	0
6	107	114	215	2.607	GLY	ARG	0	0
114	215	6	107	5.320	ARG	GLY	0	0
6	107	-1	-1	0.000	GLY	EXP	0	-1
7	108	8	109	27.760	LYS	HIS	0	0
8	109	7	108	31.844	HIS	LYS	0	0
7	108	34	135	3.618	LYS	TYR	0	0
34	135	7	108	6.468	TYR	LYS	0	0
7	108	35	136	40.603	LYS	GLU	0	0
35	136	7	108	36.094	GLU	LYS	0	0
7	108	36	137	1.086	LYS	LYS	0	0
36	137	7	108	4.073	LYS	LYS	0	0
7	108	112	213	35.453	LYS	ASP	0	0
112	213	7	108	31.382	ASP	LYS	0	0
7	108	-1	-1	10.371	LYS	EXP	0	-1
8	109	9	110	19.149	HIS	LEU	0	0
9	110	8	109	17.821	LEU	HIS	0	0
8	109	10	111	4.536	HIS	TYR	0	0
10	111	8	109	4.824	TYR	HIS	0	0
8	109	34	135	5.904	HIS	TYR	0	0
34	135	8	109	6.900	TYR	HIS	0	0
8	109	35	136	3.913	HIS	GLU	0	0
35	136	8	109	5.877	GLU	HIS	0	0
8	109	36	137	15.931	HIS	LYS	0	0
36	137	8	109	13.861	LYS	HIS	0	0
8	109	38	139	2.854	HIS	ILE	0	0
38	139	8	109	2.126	ILE	HIS	0	0
8	109	105	206	10.021	HIS	LEU	0	0
105	206	8	109	6.855	LEU	HIS	0	0
8	109	106	207	9.347	HIS	PRO	0	0
106	207	8	109	11.582	PRO	HIS	0	0
8	109	112	213	10.590	HIS	ASP	0	0
112	213	8	109	8.279	ASP	HIS	0	0
8	109	113	214	19.045	HIS	ASP	0	0
113	214	8	109	15.402	ASP	HIS	0	0
8	109	114	215	8.915	HIS	ARG	0	0
114	215	8	109	10.572	ARG	HIS	0	0
8	109	-1	-1	0.000	HIS	EXP	0	-1
9	110	10	111	23.006	LEU	TYR	0	0
10	111	9	110	20.910	TYR	LEU	0	0
9	110	11	112	12.848	LEU	LEU	0	0
11	112	9	110	10.093	LEU	LEU	0	0
9	110	24	125	3.420	LEU	VAL	0	0
24	125	9	110	3.730	VAL	LEU	0	0
9	110	30	131	4.008	LEU	THR	0	0
30	131	9	110	3.601	THR	LEU	0	0
9	110	34	135	20.888	LEU	TYR	0	0
34	135	9	110	21.563	TYR	LEU	0	0
9	110	36	137	5.877	LEU	LYS	0	0
36	137	9	110	5.832	LYS	LEU	0	0
9	110	37	138	11.301	LEU	VAL	0	0
37	138	9	110	9.516	VAL	LEU	0	0
9	110	38	139	8.949	LEU	ILE	0	0
38	139	9	110	12.424	ILE	LEU	0	0
9	110	114	215	5.631	LEU	ARG	0	0
114	215	9	110	4.330	ARG	LEU	0	0
9	110	115	216	2.782	LEU	ALA	0	0
115	216	9	110	0.784	ALA	LEU	0	0
9	110	116	217	3.506	LEU	MET	0	0
116	217	9	110	3.788	MET	LEU	0	0
9	110	-1	-1	0.000	LEU	EXP	0	-1
10	111	11	112	20.554	TYR	LEU	0	0
11	112	10	111	20.578	LEU	TYR	0	0
10	111	12	113	13.741	TYR	LEU	0	0
12	113	10	111	10.970	LEU	TYR	0	0
10	111	38	139	23.762	TYR	ILE	0	0
38	139	10	111	20.799	ILE	TYR	0	0
10	111	99	200	4.037	TYR	LEU	0	0
99	200	10	111	3.909	LEU	TYR	0	0
10	111	100	201	13.795	TYR	PHE	0	0
100	201	10	111	12.699	PHE	TYR	0	0
10	111	103	204	6.283	TYR	ILE	0	0
103	204	10	111	5.282	ILE	TYR	0	0
10	111	105	206	7.560	TYR	LEU	0	0
105	206	10	111	9.347	LEU	TYR	0	0
10	111	106	207	0.070	TYR	PRO	0	0
106	207	10	111	0.556	PRO	TYR	0	0
10	111	108	209	17.034	TYR	MET	0	0
108	209	10	111	12.261	MET	TYR	0	0
10	111	113	214	8.707	TYR	ASP	0	0
113	214	10	111	6.995	ASP	TYR	0	0
10	111	114	215	10.196	TYR	ARG	0	0
114	215	10	111	7.709	ARG	TYR	0	0
10	111	115	216	11.371	TYR	ALA	0	0
115	216	10	111	9.351	ALA	TYR	0	0
10	111	116	217	4.965	TYR	MET	0	0
116	217	10	111	6.340	MET	TYR	0	0
10	111	-1	-1	0.000	TYR	EXP	0	-1
11	112	12	113	20.839	LEU	LEU	0	0
12	113	11	112	20.758	LEU	LEU	0	0
11	112	21	122	19.506	LEU	PHE	0	0
21	122	11	112	22.565	PHE	LEU	0	0
11	112	24	125	8.452	LEU	VAL	0	0
24	125	11	112	10.032	VAL	LEU	0	0
11	112	25	126	5.226	LEU	ILE	0	0
25	126	11	112	5.513	ILE	LEU	0	0
11	112	37	138	7.094	LEU	VAL	0	0
37	138	11	112	7.586	VAL	LEU	0	0
11	112	38	139	11.392	LEU	ILE	0	0
38	139	11	112	8.863	ILE	LEU	0	0
11	112	39	140	9.687	LEU	LEU	0	0
39	140	11	112	10.088	LEU	LEU	0	0
11	112	40	141	9.011	LEU	VAL	0	0
40	141	11	112	10.533	VAL	LEU	0	0
11	112	116	217	7.448	LEU	MET	0	0
116	217	11	112	10.841	MET	LEU	0	0
11	112	-1	-1	0.000	LEU	EXP	0	-1
12	113	13	114	17.776	LEU	SER	0	0
13	114	12	113	20.878	SER	LEU	0	0
12	113	21	122	3.414	LEU	PHE	0	0
21	122	12	113	4.339	PHE	LEU	0	0
12	113	40	141	9.318	LEU	VAL	0	0
40	141	12	113	10.084	VAL	LEU	0	0
12	113	90	191	11.226	LEU	GLN	0	0
90	191	12	113	11.588	GLN	LEU	0	0
12	113	94	195	10.923	LEU	MET	0	0
94	195	12	113	12.286	MET	LEU	0	0
12	113	115	216	3.467	LEU	ALA	0	0
115	216	12	113	2.786	ALA	LEU	0	0
12	113	116	217	9.139	LEU	MET	0	0
116	217	12	113	6.623	MET	LEU	0	0
12	113	117	218	10.532	LEU	ILE	0	0
117	218	12	113	11.126	ILE	LEU	0	0
12	113	118	219	4.838	LEU	CYS	0	0
118	219	12	113	6.089	CYS	LEU	0	0
12	113	123	224	5.019	LEU	MET	0	0
123	224	12	113	4.941	MET	LEU	0	0
12	113	127	228	8.659	LEU	THR	0	0
127	228	12	113	6.306	THR	LEU	0	0
12	113	131	232	4.157	LEU	LEU	0	0
131	232	12	113	4.838	LEU	LEU	0	0
12	113	-1	-1	0.000	LEU	EXP	0	-1
13	114	14	115	22.072	SER	THR	0	0
14	115	13	114	22.146	THR	SER	0	0
13	114	17	118	3.431	SER	GLY	0	0
17	118	13	114	3.506	GLY	SER	0	0
13	114	18	119	8.786	SER	MET	0	0
18	119	13	114	9.273	MET	SER	0	0
13	114	21	122	6.733	SER	PHE	0	0
21	122	13	114	6.885	PHE	SER	0	0
13	114	40	141	11.950	SER	VAL	0	0
40	141	13	114	10.715	VAL	SER	0	0
13	114	41	142	6.213	SER	HIS	0	0
41	142	13	114	9.070	HIS	SER	0	0
13	114	42	143	4.052	SER	GLY	0	0
42	143	13	114	5.299	GLY	SER	0	0
13	114	90	191	6.099	SER	GLN	0	0
90	191	13	114	9.048	GLN	SER	0	0
13	114	118	219	4.801	SER	CYS	0	0
118	219	13	114	5.962	CYS	SER	0	0
13	114	123	224	0.642	SER	MET	0	0
123	224	13	114	1.572	MET	SER	0	0
13	114	-1	-1	0.000	SER	EXP	0	-1
14	115	15	116	29.935	THR	GLY	0	0
15	116	14	115	27.695	GLY	THR	0	0
14	115	17	118	7.711	THR	GLY	0	0
17	118	14	115	7.911	GLY	THR	0	0
14	115	42	143	12.099	THR	GLY	0	0
42	143	14	115	11.023	GLY	THR	0	0
14	115	90	191	6.508	THR	GLN	0	0
90	191	14	115	6.348	GLN	THR	0	0
14	115	118	219	4.853	THR	CYS	0	0
118	219	14	115	2.423	CYS	THR	0	0
14	115	119	220	8.725	THR	GLY	0	0
119	220	14	115	4.238	GLY	THR	0	0
14	115	123	224	16.355	THR	MET	0	0
123	224	14	115	16.759	MET	THR	0	0
14	115	-1	-1	0.000	THR	EXP	0	-1
15	116	16	117	26.965	GLY	THR	0	0
16	117	15	116	38.501	THR	GLY	0	0
15	116	17	118	1.810	GLY	GLY	0	0
17	118	15	116	1.191	GLY	GLY	0	0
15	116	18	119	2.314	GLY	MET	0	0
18	119	15	116	5.877	MET	GLY	0	0
15	116	41	142	11.427	GLY	HIS	0	0
41	142	15	116	12.818	HIS	GLY	0	0
15	116	42	143	1.639	GLY	GLY	0	0
42	143	15	116	3.268	GLY	GLY	0	0
15	116	43	144	2.145	GLY	VAL	0	0
43	144	15	116	1.910	VAL	GLY	0	0
15	116	-1	-1	0.000	GLY	EXP	0	-1
16	117	17	118	25.769	THR	GLY	0	0
17	118	16	117	19.099	GLY	THR	0	0
16	117	18	119	3.813	THR	MET	0	0
18	119	16	117	2.505	MET	THR	0	0
16	117	19	120	14.462	THR	ALA	0	0
19	120	16	117	16.327	ALA	THR	0	0
16	117	153	254	6.534	THR	ALA	0	0
153	254	16	117	5.012	ALA	THR	0	0
16	117	154	255	1.713	THR	PHE	0	0
154	255	16	117	1.721	PHE	THR	0	0
16	117	-1	-1	20.029	THR	EXP	0	-1
17	118	18	119	15.664	GLY	MET	0	0
18	119	17	118	18.339	MET	GLY	0	0
17	118	19	120	1.303	GLY	ALA	0	0
19	120	17	118	1.149	ALA	GLY	0	0
17	118	20	121	5.514	GLY	PRO	0	0
20	121	17	118	6.928	PRO	GLY	0	0
17	118	21	122	2.281	GLY	PHE	0	0
21	122	17	118	5.322	PHE	GLY	0	0
17	118	118	219	15.308	GLY	CYS	0	0
118	219	17	118	16.366	CYS	GLY	0	0
17	118	153	254	4.233	GLY	ALA	0	0
153	254	17	118	7.596	ALA	GLY	0	0
17	118	-1	-1	0.000	GLY	EXP	0	-1
18	119	19	120	22.108	MET	ALA	0	0
19	120	18	119	19.871	ALA	MET	0	0
18	119	20	121	0.029	MET	PRO	0	0
20	121	18	119	1.597	PRO	MET	0	0
18	119	21	122	10.146	MET	PHE	0	0
21	122	18	119	12.066	PHE	MET	0	0
18	119	22	123	18.311	MET	LEU	0	0
22	123	18	119	15.739	LEU	MET	0	0
18	119	39	140	9.936	MET	LEU	0	0
39	140	18	119	12.214	LEU	MET	0	0
18	119	41	142	22.689	MET	HIS	0	0
41	142	18	119	21.844	HIS	MET	0	0
18	119	50	151	6.726	MET	ALA	0	0
50	151	18	119	8.473	ALA	MET	0	0
18	119	51	152	5.571	MET	TYR	0	0
51	152	18	119	4.548	TYR	MET	0	0
18	119	55	156	4.916	MET	ILE	0	0
55	156	18	119	4.354	ILE	MET	0	0
18	119	-1	-1	0.000	MET	EXP	0	-1
19	120	20	121	35.888	ALA	PRO	0	0
20	121	19	120	36.187	PRO	ALA	0	0
19	120	21	122	1.090	ALA	PHE	0	0
21	122	19	120	0.251	PHE	ALA	0	0
19	120	22	123	13.963	ALA	LEU	0	0
22	123	19	120	15.198	LEU	ALA	0	0
19	120	23	124	1.538	ALA	SER	0	0
23	124	19	120	0.386	SER	ALA	0	0
19	120	-1	-1	0.000	ALA	EXP	0	-1
20	121	21	122	32.974	PRO	PHE	0	0
21	122	20	121	27.496	PHE	PRO	0	0
20	121	22	123	1.064	PRO	LEU	0	0
22	123	20	121	0.874	LEU	PRO	0	0
20	121	23	124	8.656	PRO	SER	0	0
23	124	20	121	12.930	SER	PRO	0	0
20	121	24	125	6.702	PRO	VAL	0	0
24	125	20	121	10.637	VAL	PRO	0	0
20	121	118	219	10.941	PRO	CYS	0	0
118	219	20	121	8.236	CYS	PRO	0	0
20	121	151	252	3.999	PRO	GLU	0	0
151	252	20	121	2.941	GLU	PRO	0	0
20	121	-1	-1	0.962	PRO	EXP	0	-1
21	122	22	123	17.667	PHE	LEU	0	0
22	123	21	122	18.823	LEU	PHE	0	0
21	122	23	124	0.941	PHE	SER	0	0
23	124	21	122	0.793	SER	PHE	0	0
21	122	24	125	12.312	PHE	VAL	0	0
24	125	21	122	10.785	VAL	PHE	0	0
21	122	25	126	10.967	PHE	ILE	0	0
25	126	21	122	11.736	ILE	PHE	0	0
21	122	39	140	7.059	PHE	LEU	0	0
39	140	21	122	6.536	LEU	PHE	0	0
21	122	116	217	19.614	PHE	MET	0	0
116	217	21	122	20.402	MET	PHE	0	0
21	122	117	218	1.397	PHE	ILE	0	0
117	218	21	122	0.340	ILE	PHE	0	0
21	122	118	219	8.881	PHE	CYS	0	0
118	219	21	122	6.211	CYS	PHE	0	0
21	122	-1	-1	0.000	PHE	EXP	0	-1
22	123	23	124	22.856	LEU	SER	0	0
23	124	22	123	29.990	SER	LEU	0	0
22	123	25	126	16.759	LEU	ILE	0	0
25	126	22	123	13.494	ILE	LEU	0	0
22	123	26	127	13.669	LEU	GLN	0	0
26	127	22	123	24.338	GLN	LEU	0	0
22	123	51	152	24.267	LEU	TYR	0	0
51	152	22	123	36.513	TYR	LEU	0	0
22	123	54	155	1.056	LEU	PHE	0	0
54	155	22	123	1.989	PHE	LEU	0	0
22	123	55	156	2.744	LEU	ILE	0	0
55	156	22	123	3.047	ILE	LEU	0	0
22	123	-1	-1	0.000	LEU	EXP	0	-1
23	124	24	125	30.281	SER	VAL	0	0
24	125	23	124	23.822	VAL	SER	0	0
23	124	26	127	7.178	SER	GLN	0	0
26	127	23	124	9.188	GLN	SER	0	0
23	124	27	128	3.825	SER	ASP	0	0
27	128	23	124	9.888	ASP	SER	0	0
23	124	-1	-1	11.538	SER	EXP	0	-1
24	125	25	126	19.675	VAL	ILE	0	0
25	126	24	125	21.257	ILE	VAL	0	0
24	125	26	127	1.229	VAL	GLN	0	0
26	127	24	125	0.521	GLN	VAL	0	0
24	125	27	128	6.693	VAL	ASP	0	0
27	128	24	125	6.839	ASP	VAL	0	0
24	125	30	131	16.127	VAL	THR	0	0
30	131	24	125	15.398	THR	VAL	0	0
24	125	116	217	7.289	VAL	MET	0	0
116	217	24	125	9.281	MET	VAL	0	0
24	125	-1	-1	0.000	VAL	EXP	0	-1
25	126	26	127	20.104	ILE	GLN	0	0
26	127	25	126	19.776	GLN	ILE	0	0
25	126	31	132	16.284	ILE	TYR	0	0
31	132	25	126	16.592	TYR	ILE	0	0
25	126	37	138	1.153	ILE	VAL	0	0
37	138	25	126	0.659	VAL	ILE	0	0
25	126	39	140	8.657	ILE	LEU	0	0
39	140	25	126	10.993	LEU	ILE	0	0
25	126	54	155	0.381	ILE	PHE	0	0
54	155	25	126	2.612	PHE	ILE	0	0
25	126	55	156	3.450	ILE	ILE	0	0
55	156	25	126	7.669	ILE	ILE	0	0
25	126	59	160	15.875	ILE	LEU	0	0
59	160	25	126	13.814	LEU	ILE	0	0
25	126	65	166	0.672	ILE	PHE	0	0
65	166	25	126	1.604	PHE	ILE	0	0
25	126	73	174	10.972	ILE	LEU	0	0
73	174	25	126	9.315	LEU	ILE	0	0
25	126	-1	-1	0.000	ILE	EXP	0	-1
26	127	27	128	24.917	GLN	ASP	0	0
27	128	26	127	21.758	ASP	GLN	0	0
26	127	28	129	4.073	GLN	PRO	0	0
28	129	26	127	4.488	PRO	GLN	0	0
26	127	54	155	25.422	GLN	PHE	0	0
54	155	26	127	22.305	PHE	GLN	0	0
26	127	59	160	6.229	GLN	LEU	0	0
59	160	26	127	5.530	LEU	GLN	0	0
26	127	65	166	16.816	GLN	PHE	0	0
65	166	26	127	15.042	PHE	GLN	0	0
26	127	-1	-1	6.612	GLN	EXP	0	-1
27	128	28	129	28.519	ASP	PRO	0	0
28	129	27	128	32.344	PRO	ASP	0	0
27	128	29	130	17.039	ASP	GLU	0	0
29	130	27	128	18.074	GLU	ASP	0	0
27	128	30	131	13.318	ASP	THR	0	0
30	131	27	128	10.403	THR	ASP	0	0
27	128	31	132	3.212	ASP	TYR	0	0
31	132	27	128	8.143	TYR	ASP	0	0
27	128	-1	-1	3.429	ASP	EXP	0	-1
28	129	29	130	21.637	PRO	GLU	0	0
29	130	28	129	18.600	GLU	PRO	0	0
28	129	30	131	0.937	PRO	THR	0	0
30	131	28	129	0.596	THR	PRO	0	0
28	129	31	132	8.234	PRO	TYR	0	0
31	132	28	129	10.415	TYR	PRO	0	0
28	129	32	133	20.539	PRO	GLU	0	0
32	133	28	129	23.733	GLU	PRO	0	0
28	129	65	166	18.627	PRO	PHE	0	0
65	166	28	129	16.424	PHE	PRO	0	0
28	129	-1	-1	3.148	PRO	EXP	0	-1
29	130	30	131	19.213	GLU	THR	0	0
30	131	29	130	21.199	THR	GLU	0	0
29	130	32	133	21.934	GLU	GLU	0	0
32	133	29	130	25.794	GLU	GLU	0	0
29	130	33	134	23.614	GLU	ARG	0	0
33	134	29	130	29.520	ARG	GLU	0	0
29	130	-1	-1	10.336	GLU	EXP	0	-1
30	131	31	132	23.482	THR	TYR	0	0
31	132	30	131	29.064	TYR	THR	0	0
30	131	33	134	2.528	THR	ARG	0	0
33	134	30	131	2.925	ARG	THR	0	0
30	131	34	135	10.852	THR	TYR	0	0
34	135	30	131	12.893	TYR	THR	0	0
30	131	37	138	9.762	THR	VAL	0	0
37	138	30	131	10.889	VAL	THR	0	0
30	131	-1	-1	0.000	THR	EXP	0	-1
31	132	32	133	20.692	TYR	GLU	0	0
32	133	31	132	27.988	GLU	TYR	0	0
31	132	34	135	4.567	TYR	TYR	0	0
34	135	31	132	4.784	TYR	TYR	0	0
31	132	37	138	9.064	TYR	VAL	0	0
37	138	31	132	8.846	VAL	TYR	0	0
31	132	65	166	7.112	TYR	PHE	0	0
65	166	31	132	9.497	PHE	TYR	0	0
31	132	68	169	21.606	TYR	GLN	0	0
68	169	31	132	22.299	GLN	TYR	0	0
31	132	69	170	10.729	TYR	VAL	0	0
69	170	31	132	9.795	VAL	TYR	0	0
31	132	72	173	19.836	TYR	LYS	0	0
72	173	31	132	17.157	LYS	TYR	0	0
31	132	73	174	8.669	TYR	LEU	0	0
73	174	31	132	9.076	LEU	TYR	0	0
31	132	-1	-1	0.000	TYR	EXP	0	-1
32	133	33	134	38.990	GLU	ARG	0	0
33	134	32	133	28.427	ARG	GLU	0	0
32	133	-1	-1	20.109	GLU	EXP	0	-1
33	134	34	135	46.932	ARG	TYR	0	0
34	135	33	134	42.087	TYR	ARG	0	0
33	134	-1	-1	7.471	ARG	EXP	0	-1
34	135	35	136	25.121	TYR	GLU	0	0
35	136	34	135	28.781	GLU	TYR	0	0
34	135	36	137	5.010	TYR	LYS	0	0
36	137	34	135	3.929	LYS	TYR	0	0
34	135	37	138	4.040	TYR	VAL	0	0
37	138	34	135	3.371	VAL	TYR	0	0
34	135	72	173	7.504	TYR	LYS	0	0
72	173	34	135	15.453	LYS	TYR	0	0
34	135	114	215	10.008	TYR	ARG	0	0
114	215	34	135	8.512	ARG	TYR	0	0
34	135	-1	-1	0.000	TYR	EXP	0	-1
35	136	36	137	32.589	GLU	LYS	0	0
36	137	35	136	34.593	LYS	GLU	0	0
35	136	72	173	12.669	GLU	LYS	0	0
72	173	35	136	14.868	LYS	GLU	0	0
35	136	-1	-1	21.058	GLU	EXP	0	-1
36	137	37	138	20.647	LYS	VAL	0	0
37	138	36	137	23.148	VAL	LYS	0	0
36	137	38	139	5.482	LYS	ILE	0	0
38	139	36	137	4.350	ILE	LYS	0	0
36	137	71	172	19.051	LYS	GLU	0	0
71	172	36	137	12.957	GLU	LYS	0	0
36	137	72	173	7.815	LYS	LYS	0	0
72	173	36	137	7.718	LYS	LYS	0	0
36	137	74	175	8.382	LYS	ILE	0	0
74	175	36	137	6.733	ILE	LYS	0	0
36	137	105	206	16.335	LYS	LEU	0	0
105	206	36	137	10.807	LEU	LYS	0	0
36	137	-1	-1	4.349	LYS	EXP	0	-1
37	138	38	139	20.326	VAL	ILE	0	0
38	139	37	138	20.618	ILE	VAL	0	0
37	138	72	173	8.986	VAL	LYS	0	0
72	173	37	138	9.782	LYS	VAL	0	0
37	138	73	174	13.919	VAL	LEU	0	0
73	174	37	138	12.998	LEU	VAL	0	0
37	138	74	175	6.927	VAL	ILE	0	0
74	175	37	138	8.928	ILE	VAL	0	0
37	138	-1	-1	0.000	VAL	EXP	0	-1
38	139	39	140	20.674	ILE	LEU	0	0
39	140	38	139	21.673	LEU	ILE	0	0
38	139	40	141	8.338	ILE	VAL	0	0
40	141	38	139	6.350	VAL	ILE	0	0
38	139	74	175	13.227	ILE	ILE	0	0
74	175	38	139	15.555	ILE	ILE	0	0
38	139	76	177	0.973	ILE	TYR	0	0
76	177	38	139	1.456	TYR	ILE	0	0
38	139	103	204	7.737	ILE	ILE	0	0
103	204	38	139	9.065	ILE	ILE	0	0
38	139	105	206	7.165	ILE	LEU	0	0
105	206	38	139	6.336	LEU	ILE	0	0
38	139	-1	-1	0.000	ILE	EXP	0	-1
39	140	40	141	27.180	LEU	VAL	0	0
40	141	39	140	21.661	VAL	LEU	0	0
39	140	55	156	4.983	LEU	ILE	0	0
55	156	39	140	7.453	ILE	LEU	0	0
39	140	73	174	5.488	LEU	LEU	0	0
73	174	39	140	3.450	LEU	LEU	0	0
39	140	74	175	8.712	LEU	ILE	0	0
74	175	39	140	6.215	ILE	LEU	0	0
39	140	75	176	13.405	LEU	TYR	0	0
75	176	39	140	10.875	TYR	LEU	0	0
39	140	76	177	6.274	LEU	TYR	0	0
76	177	39	140	7.207	TYR	LEU	0	0
39	140	-1	-1	0.000	LEU	EXP	0	-1
40	141	41	142	20.365	VAL	HIS	0	0
41	142	40	141	21.728	HIS	VAL	0	0
40	141	76	177	13.544	VAL	TYR	0	0
76	177	40	141	14.490	TYR	VAL	0	0
40	141	78	179	3.907	VAL	LEU	0	0
78	179	40	141	4.763	LEU	VAL	0	0
40	141	90	191	11.405	VAL	GLN	0	0
90	191	40	141	12.628	GLN	VAL	0	0
40	141	99	200	4.932	VAL	LEU	0	0
99	200	40	141	6.715	LEU	VAL	0	0
40	141	-1	-1	0.000	VAL	EXP	0	-1
41	142	42	143	23.904	HIS	GLY	0	0
42	143	41	142	22.753	GLY	HIS	0	0
41	142	43	144	9.802	HIS	VAL	0	0
43	144	41	142	6.059	VAL	HIS	0	0
41	142	48	149	5.776	HIS	GLU	0	0
48	149	41	142	4.609	GLU	HIS	0	0
41	142	49	150	13.701	HIS	LEU	0	0
49	150	41	142	9.474	LEU	HIS	0	0
41	142	75	176	4.643	HIS	TYR	0	0
75	176	41	142	5.939	TYR	HIS	0	0
41	142	76	177	4.976	HIS	TYR	0	0
76	177	41	142	3.888	TYR	HIS	0	0
41	142	77	178	5.115	HIS	PRO	0	0
77	178	41	142	3.798	PRO	HIS	0	0
41	142	78	179	6.116	HIS	LEU	0	0
78	179	41	142	7.676	LEU	HIS	0	0
41	142	-1	-1	0.000	HIS	EXP	0	-1
42	143	43	144	27.296	GLY	VAL	0	0
43	144	42	143	27.579	VAL	GLY	0	0
42	143	78	179	2.812	GLY	LEU	0	0
78	179	42	143	7.438	LEU	GLY	0	0
42	143	90	191	2.239	GLY	GLN	0	0
90	191	42	143	3.059	GLN	GLY	0	0
42	143	-1	-1	0.000	GLY	EXP	0	-1
43	144	44	145	24.719	VAL	ARG	0	0
44	145	43	144	24.855	ARG	VAL	0	0
43	144	45	146	5.894	VAL	TRP	0	0
45	146	43	144	5.737	TRP	VAL	0	0
43	144	48	149	14.355	VAL	GLU	0	0
48	149	43	144	19.830	GLU	VAL	0	0
43	144	49	150	9.029	VAL	LEU	0	0
49	150	43	144	9.649	LEU	VAL	0	0
43	144	78	179	9.446	VAL	LEU	0	0
78	179	43	144	10.203	LEU	VAL	0	0
43	144	79	180	8.251	VAL	VAL	0	0
79	180	43	144	7.477	VAL	VAL	0	0
43	144	80	181	6.178	VAL	THR	0	0
80	181	43	144	9.093	THR	VAL	0	0
43	144	-1	-1	0.000	VAL	EXP	0	-1
44	145	45	146	33.038	ARG	TRP	0	0
45	146	44	145	35.955	TRP	ARG	0	0
44	145	48	149	11.478	ARG	GLU	0	0
48	149	44	145	11.522	GLU	ARG	0	0
44	145	79	180	5.041	ARG	VAL	0	0
79	180	44	145	6.135	VAL	ARG	0	0
44	145	80	181	12.834	ARG	THR	0	0
80	181	44	145	8.489	THR	ARG	0	0
44	145	81	182	57.101	ARG	ARG	0	0
81	182	44	145	45.762	ARG	ARG	0	0
44	145	-1	-1	24.302	ARG	EXP	0	-1
45	146	46	147	21.286	TRP	VAL	0	0
46	147	45	146	18.979	VAL	TRP	0	0
45	146	47	148	10.948	TRP	SER	0	0
47	148	45	146	10.033	SER	TRP	0	0
45	146	48	149	27.731	TRP	GLU	0	0
48	149	45	146	32.133	GLU	TRP	0	0
45	146	79	180	0.390	TRP	VAL	0	0
79	180	45	146	2.767	VAL	TRP	0	0
45	146	81	182	32.453	TRP	ARG	0	0
81	182	45	146	33.571	ARG	TRP	0	0
45	146	82	183	26.884	TRP	GLU	0	0
82	183	45	146	30.430	GLU	TRP	0	0
45	146	-1	-1	22.864	TRP	EXP	0	-1
46	147	47	148	29.487	VAL	SER	0	0
47	148	46	147	33.802	SER	VAL	0	0
46	147	48	149	1.388	VAL	GLU	0	0
48	149	46	147	2.155	GLU	VAL	0	0
46	147	49	150	18.210	VAL	LEU	0	0
49	150	46	147	18.079	LEU	VAL	0	0
46	147	79	180	7.649	VAL	VAL	0	0
79	180	46	147	8.723	VAL	VAL	0	0
46	147	82	183	15.032	VAL	GLU	0	0
82	183	46	147	21.948	GLU	VAL	0	0
46	147	83	184	5.711	VAL	PRO	0	0
83	184	46	147	4.644	PRO	VAL	0	0
46	147	84	185	13.855	VAL	PHE	0	0
84	185	46	147	12.728	PHE	VAL	0	0
46	147	-1	-1	3.287	VAL	EXP	0	-1
47	148	48	149	41.277	SER	GLU	0	0
48	149	47	148	26.873	GLU	SER	0	0
47	148	49	150	3.220	SER	LEU	0	0
49	150	47	148	1.565	LEU	SER	0	0
47	148	-1	-1	9.366	SER	EXP	0	-1
48	149	49	150	20.676	GLU	LEU	0	0
49	150	48	149	18.948	LEU	GLU	0	0
48	149	50	151	6.875	GLU	ALA	0	0
50	151	48	149	11.666	ALA	GLU	0	0
48	149	-1	-1	12.229	GLU	EXP	0	-1
49	150	50	151	28.063	LEU	ALA	0	0
50	151	49	150	27.210	ALA	LEU	0	0
49	150	52	153	9.515	LEU	ALA	0	0
52	153	49	150	11.927	ALA	LEU	0	0
49	150	75	176	8.544	LEU	TYR	0	0
75	176	49	150	3.950	TYR	LEU	0	0
49	150	77	178	9.124	LEU	PRO	0	0
77	178	49	150	6.180	PRO	LEU	0	0
49	150	79	180	6.807	LEU	VAL	0	0
79	180	49	150	4.747	VAL	LEU	0	0
49	150	84	185	10.076	LEU	PHE	0	0
84	185	49	150	12.215	PHE	LEU	0	0
49	150	-1	-1	0.000	LEU	EXP	0	-1
50	151	51	152	38.992	ALA	TYR	0	0
51	152	50	151	42.345	TYR	ALA	0	0
50	151	52	153	1.855	ALA	ALA	0	0
52	153	50	151	1.822	ALA	ALA	0	0
50	151	-1	-1	0.314	ALA	EXP	0	-1
51	152	52	153	21.909	TYR	ALA	0	0
52	153	51	152	21.949	ALA	TYR	0	0
51	152	54	155	26.128	TYR	PHE	0	0
54	155	51	152	25.548	PHE	TYR	0	0
51	152	55	156	14.514	TYR	ILE	0	0
55	156	51	152	17.458	ILE	TYR	0	0
51	152	-1	-1	22.855	TYR	EXP	0	-1
52	153	53	154	27.376	ALA	ASP	0	0
53	154	52	153	32.492	ASP	ALA	0	0
52	153	55	156	2.966	ALA	ILE	0	0
55	156	52	153	3.316	ILE	ALA	0	0
52	153	56	157	12.454	ALA	THR	0	0
56	157	52	153	17.204	THR	ALA	0	0
52	153	75	176	10.189	ALA	TYR	0	0
75	176	52	153	9.459	TYR	ALA	0	0
52	153	-1	-1	0.000	ALA	EXP	0	-1
53	154	54	155	28.264	ASP	PHE	0	0
54	155	53	154	26.360	PHE	ASP	0	0
53	154	56	157	3.888	ASP	THR	0	0
56	157	53	154	1.818	THR	ASP	0	0
53	154	57	158	33.907	ASP	LYS	0	0
57	158	53	154	34.145	LYS	ASP	0	0
53	154	58	159	3.992	ASP	VAL	0	0
58	159	53	154	6.791	VAL	ASP	0	0
53	154	-1	-1	18.365	ASP	EXP	0	-1
54	155	55	156	23.378	PHE	ILE	0	0
55	156	54	155	25.287	ILE	PHE	0	0
54	155	58	159	27.776	PHE	VAL	0	0
58	159	54	155	27.607	VAL	PHE	0	0
54	155	59	160	23.719	PHE	LEU	0	0
59	160	54	155	21.451	LEU	PHE	0	0
54	155	-1	-1	1.840	PHE	EXP	0	-1
55	156	56	157	21.864	ILE	THR	0	0
56	157	55	156	26.789	THR	ILE	0	0
55	156	59	160	4.176	ILE	LEU	0	0
59	160	55	156	4.635	LEU	ILE	0	0
55	156	60	161	7.689	ILE	PRO	0	0
60	161	55	156	8.354	PRO	ILE	0	0
55	156	73	174	8.286	ILE	LEU	0	0
73	174	55	156	6.545	LEU	ILE	0	0
55	156	75	176	17.201	ILE	TYR	0	0
75	176	55	156	24.270	TYR	ILE	0	0
55	156	-1	-1	0.000	ILE	EXP	0	-1
56	157	57	158	39.231	THR	LYS	0	0
57	158	56	157	40.634	LYS	THR	0	0
56	157	60	161	8.512	THR	PRO	0	0
60	161	56	157	11.591	PRO	THR	0	0
56	157	75	176	15.286	THR	TYR	0	0
75	176	56	157	15.681	TYR	THR	0	0
56	157	-1	-1	2.521	THR	EXP	0	-1
57	158	58	159	32.457	LYS	VAL	0	0
58	159	57	158	29.888	VAL	LYS	0	0
57	158	60	161	5.113	LYS	PRO	0	0
60	161	57	158	6.089	PRO	LYS	0	0
57	158	61	162	7.136	LYS	GLU	0	0
61	162	57	158	16.730	GLU	LYS	0	0
57	158	-1	-1	27.180	LYS	EXP	0	-1
58	159	59	160	26.374	VAL	LEU	0	0
59	160	58	159	21.131	LEU	VAL	0	0
58	159	60	161	3.012	VAL	PRO	0	0
60	161	58	159	3.736	PRO	VAL	0	0
58	159	61	162	7.841	VAL	GLU	0	0
61	162	58	159	11.913	GLU	VAL	0	0
58	159	62	163	2.250	VAL	HIS	0	0
62	163	58	159	0.503	HIS	VAL	0	0
58	159	-1	-1	10.719	VAL	EXP	0	-1
59	160	60	161	22.823	LEU	PRO	0	0
60	161	59	160	20.202	PRO	LEU	0	0
59	160	61	162	2.172	LEU	GLU	0	0
61	162	59	160	1.168	GLU	LEU	0	0
59	160	62	163	13.496	LEU	HIS	0	0
62	163	59	160	15.936	HIS	LEU	0	0
59	160	65	166	5.456	LEU	PHE	0	0
65	166	59	160	5.259	PHE	LEU	0	0
59	160	66	167	0.661	LEU	GLY	0	0
66	167	59	160	1.526	GLY	LEU	0	0
59	160	69	170	13.169	LEU	VAL	0	0
69	170	59	160	11.322	VAL	LEU	0	0
59	160	73	174	5.891	LEU	LEU	0	0
73	174	59	160	6.400	LEU	LEU	0	0
59	160	-1	-1	0.000	LEU	EXP	0	-1
60	161	61	162	21.192	PRO	GLU	0	0
61	162	60	161	25.992	GLU	PRO	0	0
60	161	66	167	10.104	PRO	GLY	0	0
66	167	60	161	10.169	GLY	PRO	0	0
60	161	69	170	9.712	PRO	VAL	0	0
69	170	60	161	8.408	VAL	PRO	0	0
60	161	70	171	18.089	PRO	LYS	0	0
70	171	60	161	22.615	LYS	PRO	0	0
60	161	-1	-1	0.000	PRO	EXP	0	-1
61	162	62	163	36.774	GLU	HIS	0	0
62	163	61	162	24.277	HIS	GLU	0	0
61	162	70	171	25.696	GLU	LYS	0	0
70	171	61	162	21.166	LYS	GLU	0	0
61	162	-1	-1	13.902	GLU	EXP	0	-1
62	163	63	164	27.504	HIS	GLU	0	0
63	164	62	163	36.273	GLU	HIS	0	0
62	163	64	165	18.605	HIS	TYR	0	0
64	165	62	163	21.122	TYR	HIS	0	0
62	163	65	166	34.942	HIS	PHE	0	0
65	166	62	163	30.236	PHE	HIS	0	0
62	163	66	167	14.956	HIS	GLY	0	0
66	167	62	163	10.424	GLY	HIS	0	0
62	163	-1	-1	5.265	HIS	EXP	0	-1
63	164	64	165	76.657	GLU	TYR	0	0
64	165	63	164	70.555	TYR	GLU	0	0
63	164	-1	-1	20.492	GLU	EXP	0	-1
64	165	65	166	43.095	TYR	PHE	0	0
65	166	64	165	27.433	PHE	TYR	0	0
64	165	-1	-1	33.616	TYR	EXP	0	-1
65	166	66	167	20.295	PHE	GLY	0	0
66	167	65	166	18.917	GLY	PHE	0	0
65	166	67	168	1.775	PHE	ASP	0	0
67	168	65	166	0.772	ASP	PHE	0	0
65	166	68	169	13.060	PHE	GLN	0	0
68	169	65	166	14.409	GLN	PHE	0	0
65	166	69	170	14.662	PHE	VAL	0	0
69	170	65	166	11.867	VAL	PHE	0	0
65	166	-1	-1	0.000	PHE	EXP	0	-1
66	167	67	168	18.502	GLY	ASP	0	0
67	168	66	167	32.568	ASP	GLY	0	0
66	167	68	169	1.050	GLY	GLN	0	0
68	169	66	167	0.637	GLN	GLY	0	0
66	167	69	170	6.940	GLY	VAL	0	0
69	170	66	167	7.545	VAL	GLY	0	0
66	167	70	171	6.944	GLY	LYS	0	0
70	171	66	167	10.441	LYS	GLY	0	0
66	167	-1	-1	0.000	GLY	EXP	0	-1
67	168	68	169	34.008	ASP	GLN	0	0
68	169	67	168	28.325	GLN	ASP	0	0
67	168	70	171	16.494	ASP	LYS	0	0
70	171	67	168	18.898	LYS	ASP	0	0
67	168	71	172	6.611	ASP	GLU	0	0
71	172	67	168	12.468	GLU	ASP	0	0
67	168	-1	-1	29.566	ASP	EXP	0	-1
68	169	69	170	18.782	GLN	VAL	0	0
69	170	68	169	21.434	VAL	GLN	0	0
68	169	71	172	18.505	GLN	GLU	0	0
71	172	68	169	18.148	GLU	GLN	0	0
68	169	72	173	27.490	GLN	LYS	0	0
72	173	68	169	23.011	LYS	GLN	0	0
68	169	-1	-1	5.735	GLN	EXP	0	-1
69	170	70	171	21.889	VAL	LYS	0	0
70	171	69	170	27.345	LYS	VAL	0	0
69	170	71	172	0.658	VAL	GLU	0	0
71	172	69	170	0.566	GLU	VAL	0	0
69	170	72	173	0.630	VAL	LYS	0	0
72	173	69	170	0.532	LYS	VAL	0	0
69	170	73	174	21.260	VAL	LEU	0	0
73	174	69	170	25.150	LEU	VAL	0	0
69	170	-1	-1	0.000	VAL	EXP	0	-1
70	171	71	172	38.424	LYS	GLU	0	0
71	172	70	171	28.905	GLU	LYS	0	0
70	171	-1	-1	9.568	LYS	EXP	0	-1
71	172	72	173	40.541	GLU	LYS	0	0
72	173	71	172	33.542	LYS	GLU	0	0
71	172	-1	-1	23.232	GLU	EXP	0	-1
72	173	73	174	22.372	LYS	LEU	0	0
73	174	72	173	21.621	LEU	LYS	0	0
72	173	74	175	1.830	LYS	ILE	0	0
74	175	72	173	3.556	ILE	LYS	0	0
72	173	-1	-1	0.000	LYS	EXP	0	-1
73	174	74	175	35.661	LEU	ILE	0	0
74	175	73	174	27.949	ILE	LEU	0	0
73	174	-1	-1	0.000	LEU	EXP	0	-1
74	175	75	176	30.716	ILE	TYR	0	0
75	176	74	175	33.470	TYR	ILE	0	0
74	175	103	204	23.516	ILE	ILE	0	0
103	204	74	175	21.033	ILE	ILE	0	0
74	175	105	206	6.133	ILE	LEU	0	0
105	206	74	175	7.240	LEU	ILE	0	0
74	175	-1	-1	0.000	ILE	EXP	0	-1
75	176	76	177	26.306	TYR	TYR	0	0
76	177	75	176	21.801	TYR	TYR	0	0
75	176	77	178	31.968	TYR	PRO	0	0
77	178	75	176	20.091	PRO	TYR	0	0
75	176	85	186	3.093	TYR	ARG	0	0
85	186	75	176	6.448	ARG	TYR	0	0
75	176	-1	-1	0.000	TYR	EXP	0	-1
76	177	77	178	27.181	TYR	PRO	0	0
77	178	76	177	24.409	PRO	TYR	0	0
76	177	78	179	15.533	TYR	LEU	0	0
78	179	76	177	12.511	LEU	TYR	0	0
76	177	86	187	18.126	TYR	ASN	0	0
86	187	76	177	18.848	ASN	TYR	0	0
76	177	93	194	4.780	TYR	LEU	0	0
93	194	76	177	6.744	LEU	TYR	0	0
76	177	99	200	18.169	TYR	LEU	0	0
99	200	76	177	19.776	LEU	TYR	0	0
76	177	102	203	17.730	TYR	ASP	0	0
102	203	76	177	20.304	ASP	TYR	0	0
76	177	103	204	14.967	TYR	ILE	0	0
103	204	76	177	8.607	ILE	TYR	0	0
76	177	-1	-1	0.000	TYR	EXP	0	-1
77	178	78	179	20.468	PRO	LEU	0	0
78	179	77	178	22.784	LEU	PRO	0	0
77	178	84	185	12.016	PRO	PHE	0	0
84	185	77	178	12.577	PHE	PRO	0	0
77	178	85	186	8.373	PRO	ARG	0	0
85	186	77	178	15.299	ARG	PRO	0	0
77	178	86	187	11.493	PRO	ASN	0	0
86	187	77	178	15.604	ASN	PRO	0	0
77	178	-1	-1	0.000	PRO	EXP	0	-1
78	179	79	180	22.851	LEU	VAL	0	0
79	180	78	179	23.019	VAL	LEU	0	0
78	179	86	187	10.810	LEU	ASN	0	0
86	187	78	179	9.640	ASN	LEU	0	0
78	179	87	188	2.346	LEU	GLN	0	0
87	188	78	179	2.529	GLN	LEU	0	0
78	179	88	189	9.530	LEU	GLY	0	0
88	189	78	179	7.091	GLY	LEU	0	0
78	179	90	191	10.288	LEU	GLN	0	0
90	191	78	179	8.968	GLN	LEU	0	0
78	179	93	194	9.218	LEU	LEU	0	0
93	194	78	179	8.451	LEU	LEU	0	0
78	179	-1	-1	0.000	LEU	EXP	0	-1
79	180	80	181	23.194	VAL	THR	0	0
80	181	79	180	24.072	THR	VAL	0	0
79	180	82	183	6.587	VAL	GLU	0	0
82	183	79	180	8.707	GLU	VAL	0	0
79	180	84	185	13.425	VAL	PHE	0	0
84	185	79	180	14.893	PHE	VAL	0	0
79	180	86	187	4.571	VAL	ASN	0	0
86	187	79	180	3.748	ASN	VAL	0	0
79	180	87	188	7.529	VAL	GLN	0	0
87	188	79	180	12.103	GLN	VAL	0	0
79	180	88	189	4.287	VAL	GLY	0	0
88	189	79	180	3.936	GLY	VAL	0	0
79	180	-1	-1	0.000	VAL	EXP	0	-1
80	181	81	182	47.865	THR	ARG	0	0
81	182	80	181	37.460	ARG	THR	0	0
80	181	88	189	11.374	THR	GLY	0	0
88	189	80	181	9.724	GLY	THR	0	0
80	181	89	190	10.590	THR	ARG	0	0
89	190	80	181	17.227	ARG	THR	0	0
80	181	-1	-1	0.000	THR	EXP	0	-1
81	182	82	183	31.095	ARG	GLU	0	0
82	183	81	182	26.246	GLU	ARG	0	0
81	182	-1	-1	17.086	ARG	EXP	0	-1
82	183	83	184	36.310	GLU	PRO	0	0
83	184	82	183	47.768	PRO	GLU	0	0
82	183	84	185	0.618	GLU	PHE	0	0
84	185	82	183	1.063	PHE	GLU	0	0
82	183	87	188	6.761	GLU	GLN	0	0
87	188	82	183	11.879	GLN	GLU	0	0
82	183	-1	-1	4.941	GLU	EXP	0	-1
83	184	84	185	33.604	PRO	PHE	0	0
84	185	83	184	26.609	PHE	PRO	0	0
83	184	87	188	8.087	PRO	GLN	0	0
87	188	83	184	9.900	GLN	PRO	0	0
83	184	-1	-1	14.594	PRO	EXP	0	-1
84	185	85	186	46.221	PHE	ARG	0	0
85	186	84	185	61.296	ARG	PHE	0	0
84	185	86	187	16.629	PHE	ASN	0	0
86	187	84	185	12.448	ASN	PHE	0	0
84	185	87	188	14.504	PHE	GLN	0	0
87	188	84	185	23.393	GLN	PHE	0	0
84	185	-1	-1	0.000	PHE	EXP	0	-1
85	186	86	187	51.351	ARG	ASN	0	0
86	187	85	186	35.465	ASN	ARG	0	0
85	186	-1	-1	31.783	ARG	EXP	0	-1
86	187	87	188	22.805	ASN	GLN	0	0
87	188	86	187	29.074	GLN	ASN	0	0
86	187	102	203	1.577	ASN	ASP	0	0
102	203	86	187	3.091	ASP	ASN	0	0
86	187	-1	-1	0.000	ASN	EXP	0	-1
87	188	88	189	34.444	GLN	GLY	0	0
88	189	87	188	27.871	GLY	GLN	0	0
87	188	93	194	5.335	GLN	LEU	0	0
93	194	87	188	11.981	LEU	GLN	0	0
87	188	-1	-1	6.196	GLN	EXP	0	-1
88	189	89	190	25.100	GLY	ARG	0	0
89	190	88	189	26.478	ARG	GLY	0	0
88	189	93	194	1.037	GLY	LEU	0	0
93	194	88	189	1.858	LEU	GLY	0	0
88	189	-1	-1	0.000	GLY	EXP	0	-1
89	190	90	191	25.303	ARG	GLN	0	0
90	191	89	190	24.547	GLN	ARG	0	0
89	190	91	192	9.143	ARG	THR	0	0
91	192	89	190	4.275	THR	ARG	0	0
89	190	92	193	33.580	ARG	ASP	0	0
92	193	89	190	28.541	ASP	ARG	0	0
89	190	93	194	6.814	ARG	LEU	0	0
93	194	89	190	12.014	LEU	ARG	0	0
89	190	126	227	2.301	ARG	GLU	0	0
126	227	89	190	1.023	GLU	ARG	0	0
89	190	-1	-1	46.129	ARG	EXP	0	-1
90	191	91	192	23.947	GLN	THR	0	0
91	192	90	191	26.729	THR	GLN	0	0
90	191	93	194	4.120	GLN	LEU	0	0
93	194	90	191	5.832	LEU	GLN	0	0
90	191	94	195	18.872	GLN	MET	0	0
94	195	90	191	15.510	MET	GLN	0	0
90	191	99	200	4.544	GLN	LEU	0	0
99	200	90	191	4.239	LEU	GLN	0	0
90	191	123	224	9.413	GLN	MET	0	0
123	224	90	191	5.511	MET	GLN	0	0
90	191	127	228	0.546	GLN	THR	0	0
127	228	90	191	1.141	THR	GLN	0	0
90	191	-1	-1	0.000	GLN	EXP	0	-1
91	192	92	193	19.975	THR	ASP	0	0
92	193	91	192	23.857	ASP	THR	0	0
91	192	93	194	0.221	THR	LEU	0	0
93	194	91	192	0.293	LEU	THR	0	0
91	192	94	195	5.651	THR	MET	0	0
94	195	91	192	7.513	MET	THR	0	0
91	192	95	196	12.729	THR	ARG	0	0
95	196	91	192	13.892	ARG	THR	0	0
91	192	126	227	18.525	THR	GLU	0	0
126	227	91	192	28.362	GLU	THR	0	0
91	192	127	228	12.367	THR	THR	0	0
127	228	91	192	12.755	THR	THR	0	0
91	192	130	231	10.660	THR	VAL	0	0
130	231	91	192	7.859	VAL	THR	0	0
91	192	-1	-1	0.000	THR	EXP	0	-1
92	193	93	194	26.289	ASP	LEU	0	0
93	194	92	193	23.439	LEU	ASP	0	0
92	193	94	195	1.158	ASP	MET	0	0
94	195	92	193	0.929	MET	ASP	0	0
92	193	95	196	29.322	ASP	ARG	0	0
95	196	92	193	35.109	ARG	ASP	0	0
92	193	96	197	6.937	ASP	SER	0	0
96	197	92	193	14.373	SER	ASP	0	0
92	193	126	227	1.389	ASP	GLU	0	0
126	227	92	193	2.769	GLU	ASP	0	0
92	193	-1	-1	2.967	ASP	EXP	0	-1
93	194	94	195	18.129	LEU	MET	0	0
94	195	93	194	19.580	MET	LEU	0	0
93	194	96	197	5.841	LEU	SER	0	0
96	197	93	194	4.527	SER	LEU	0	0
93	194	97	198	2.222	LEU	GLY	0	0
97	198	93	194	2.980	GLY	LEU	0	0
93	194	98	199	18.067	LEU	LYS	0	0
98	199	93	194	16.532	LYS	LEU	0	0
93	194	99	200	15.405	LEU	LEU	0	0
99	200	93	194	16.569	LEU	LEU	0	0
93	194	-1	-1	0.000	LEU	EXP	0	-1
94	195	95	196	18.575	MET	ARG	0	0
95	196	94	195	25.893	ARG	MET	0	0
94	195	97	198	4.002	MET	GLY	0	0
97	198	94	195	6.295	GLY	MET	0	0
94	195	99	200	8.819	MET	LEU	0	0
99	200	94	195	11.423	LEU	MET	0	0
94	195	100	201	16.150	MET	PHE	0	0
100	201	94	195	15.972	PHE	MET	0	0
94	195	108	209	2.408	MET	MET	0	0
108	209	94	195	1.312	MET	MET	0	0
94	195	127	228	3.817	MET	THR	0	0
127	228	94	195	3.353	THR	MET	0	0
94	195	130	231	10.787	MET	VAL	0	0
130	231	94	195	9.768	VAL	MET	0	0
94	195	131	232	7.139	MET	LEU	0	0
131	232	94	195	7.889	LEU	MET	0	0
94	195	134	235	9.393	MET	PHE	0	0
134	235	94	195	13.714	PHE	MET	0	0
94	195	-1	-1	0.000	MET	EXP	0	-1
95	196	96	197	37.877	ARG	SER	0	0
96	197	95	196	28.579	SER	ARG	0	0
95	196	126	227	4.248	ARG	GLU	0	0
126	227	95	196	5.400	GLU	ARG	0	0
95	196	130	231	21.609	ARG	VAL	0	0
130	231	95	196	12.037	VAL	ARG	0	0
95	196	-1	-1	25.946	ARG	EXP	0	-1
96	197	97	198	33.589	SER	GLY	0	0
97	198	96	197	23.945	GLY	SER	0	0
96	197	98	199	15.366	SER	LYS	0	0
98	199	96	197	11.823	LYS	SER	0	0
96	197	-1	-1	1.304	SER	EXP	0	-1
97	198	98	199	19.160	GLY	LYS	0	0
98	199	97	198	17.882	LYS	GLY	0	0
97	198	100	201	11.260	GLY	PHE	0	0
100	201	97	198	14.118	PHE	GLY	0	0
97	198	101	202	9.487	GLY	GLU	0	0
101	202	97	198	21.807	GLU	GLY	0	0
97	198	-1	-1	0.000	GLY	EXP	0	-1
98	199	99	200	20.025	LYS	LEU	0	0
99	200	98	199	20.045	LEU	LYS	0	0
98	199	101	202	23.004	LYS	GLU	0	0
101	202	98	199	23.481	GLU	LYS	0	0
98	199	102	203	43.740	LYS	ASP	0	0
102	203	98	199	30.451	ASP	LYS	0	0
98	199	-1	-1	9.362	LYS	EXP	0	-1
99	200	100	201	26.654	LEU	PHE	0	0
100	201	99	200	30.383	PHE	LEU	0	0
99	200	101	202	0.545	LEU	GLU	0	0
101	202	99	200	0.259	GLU	LEU	0	0
99	200	102	203	5.072	LEU	ASP	0	0
102	203	99	200	4.191	ASP	LEU	0	0
99	200	103	204	14.910	LEU	ILE	0	0
103	204	99	200	16.840	ILE	LEU	0	0
99	200	-1	-1	0.000	LEU	EXP	0	-1
100	201	101	202	20.012	PHE	GLU	0	0
101	202	100	201	27.762	GLU	PHE	0	0
100	201	103	204	7.788	PHE	ILE	0	0
103	204	100	201	7.218	ILE	PHE	0	0
100	201	104	205	3.176	PHE	GLY	0	0
104	205	100	201	3.217	GLY	PHE	0	0
100	201	105	206	13.963	PHE	LEU	0	0
105	206	100	201	14.038	LEU	PHE	0	0
100	201	106	207	6.855	PHE	PRO	0	0
106	207	100	201	3.784	PRO	PHE	0	0
100	201	107	208	9.398	PHE	PRO	0	0
107	208	100	201	4.833	PRO	PHE	0	0
100	201	108	209	16.732	PHE	MET	0	0
108	209	100	201	13.764	MET	PHE	0	0
100	201	134	235	5.775	PHE	PHE	0	0
134	235	100	201	8.072	PHE	PHE	0	0
100	201	-1	-1	0.000	PHE	EXP	0	-1
101	202	102	203	34.166	GLU	ASP	0	0
102	203	101	202	27.796	ASP	GLU	0	0
101	202	104	205	5.258	GLU	GLY	0	0
104	205	101	202	5.935	GLY	GLU	0	0
101	202	-1	-1	24.388	GLU	EXP	0	-1
102	203	103	204	33.650	ASP	ILE	0	0
103	204	102	203	22.022	ILE	ASP	0	0
102	203	104	205	0.631	ASP	GLY	0	0
104	205	102	203	0.111	GLY	ASP	0	0
102	203	-1	-1	0.237	ASP	EXP	0	-1
103	204	104	205	27.325	ILE	GLY	0	0
104	205	103	204	26.758	GLY	ILE	0	0
103	204	105	206	11.645	ILE	LEU	0	0
105	206	103	204	12.174	LEU	ILE	0	0
103	204	-1	-1	0.000	ILE	EXP	0	-1
104	205	105	206	39.499	GLY	LEU	0	0
105	206	104	205	27.203	LEU	GLY	0	0
104	205	-1	-1	0.000	GLY	EXP	0	-1
105	206	106	207	35.834	LEU	PRO	0	0
106	207	105	206	42.207	PRO	LEU	0	0
105	206	-1	-1	0.000	LEU	EXP	0	-1
106	207	107	208	44.327	PRO	PRO	0	0
107	208	106	207	51.767	PRO	PRO	0	0
106	207	-1	-1	5.574	PRO	EXP	0	-1
107	208	108	209	38.312	PRO	MET	0	0
108	209	107	208	29.073	MET	PRO	0	0
107	208	109	210	0.512	PRO	ASN	0	0
109	210	107	208	2.575	ASN	PRO	0	0
107	208	-1	-1	12.737	PRO	EXP	0	-1
108	209	109	210	25.226	MET	ASN	0	0
109	210	108	209	28.940	ASN	MET	0	0
108	209	113	214	16.922	MET	ASP	0	0
113	214	108	209	17.072	ASP	MET	0	0
108	209	115	216	1.051	MET	ALA	0	0
115	216	108	209	0.308	ALA	MET	0	0
108	209	131	232	12.057	MET	LEU	0	0
131	232	108	209	9.301	LEU	MET	0	0
108	209	134	235	19.028	MET	PHE	0	0
134	235	108	209	29.371	PHE	MET	0	0
108	209	136	237	6.677	MET	LEU	0	0
136	237	108	209	10.704	LEU	MET	0	0
108	209	-1	-1	0.000	MET	EXP	0	-1
109	210	110	211	24.967	ASN	PRO	0	0
110	211	109	210	23.213	PRO	ASN	0	0
109	210	111	212	15.868	ASN	GLN	0	0
111	212	109	210	19.080	GLN	ASN	0	0
109	210	112	213	25.340	ASN	ASP	0	0
112	213	109	210	23.395	ASP	ASN	0	0
109	210	113	214	16.470	ASN	ASP	0	0
113	214	109	210	16.154	ASP	ASN	0	0
109	210	136	237	3.677	ASN	LEU	0	0
136	237	109	210	5.908	LEU	ASN	0	0
109	210	-1	-1	0.000	ASN	EXP	0	-1
110	211	111	212	35.358	PRO	GLN	0	0
111	212	110	211	47.623	GLN	PRO	0	0
110	211	114	215	10.604	PRO	ARG	0	0
114	215	110	211	11.331	ARG	PRO	0	0
110	211	134	235	8.721	PRO	PHE	0	0
134	235	110	211	7.358	PHE	PRO	0	0
110	211	135	236	15.320	PRO	GLY	0	0
135	236	110	211	13.065	GLY	PRO	0	0
110	211	136	237	5.826	PRO	LEU	0	0
136	237	110	211	6.611	LEU	PRO	0	0
110	211	147	248	9.296	PRO	ASP	0	0
147	248	110	211	8.977	ASP	PRO	0	0
110	211	-1	-1	0.000	PRO	EXP	0	-1
111	212	112	213	34.250	GLN	ASP	0	0
112	213	111	212	27.650	ASP	GLN	0	0
111	212	114	215	8.731	GLN	ARG	0	0
114	215	111	212	7.061	ARG	GLN	0	0
111	212	-1	-1	23.439	GLN	EXP	0	-1
112	213	113	214	28.026	ASP	ASP	0	0
113	214	112	213	26.032	ASP	ASP	0	0
112	213	-1	-1	0.000	ASP	EXP	0	-1
113	214	114	215	29.499	ASP	ARG	0	0
114	215	113	214	32.203	ARG	ASP	0	0
113	214	136	237	6.154	ASP	LEU	0	0
136	237	113	214	10.071	LEU	ASP	0	0
113	214	-1	-1	0.000	ASP	EXP	0	-1
114	215	115	216	22.473	ARG	ALA	0	0
115	216	114	215	23.277	ALA	ARG	0	0
114	215	147	248	20.017	ARG	ASP	0	0
147	248	114	215	20.190	ASP	ARG	0	0
114	215	-1	-1	0.000	ARG	EXP	0	-1
115	216	116	217	22.336	ALA	MET	0	0
116	217	115	216	23.415	MET	ALA	0	0
115	216	131	232	6.290	ALA	LEU	0	0
131	232	115	216	5.718	LEU	ALA	0	0
115	216	147	248	2.274	ALA	ASP	0	0
147	248	115	216	2.942	ASP	ALA	0	0
115	216	148	249	11.642	ALA	TYR	0	0
148	249	115	216	8.972	TYR	ALA	0	0
115	216	149	250	3.691	ALA	LEU	0	0
149	250	115	216	5.341	LEU	ALA	0	0
115	216	-1	-1	0.000	ALA	EXP	0	-1
116	217	117	218	22.264	MET	ILE	0	0
117	218	116	217	21.330	ILE	MET	0	0
116	217	149	250	16.514	MET	LEU	0	0
149	250	116	217	17.064	LEU	MET	0	0
116	217	-1	-1	0.000	MET	EXP	0	-1
117	218	118	219	20.988	ILE	CYS	0	0
118	219	117	218	21.449	CYS	ILE	0	0
117	218	123	224	6.827	ILE	MET	0	0
123	224	117	218	9.131	MET	ILE	0	0
117	218	124	225	10.565	ILE	LEU	0	0
124	225	117	218	11.693	LEU	ILE	0	0
117	218	127	228	13.116	ILE	THR	0	0
127	228	117	218	11.827	THR	ILE	0	0
117	218	128	229	5.521	ILE	SER	0	0
128	229	117	218	3.207	SER	ILE	0	0
117	218	131	232	6.957	ILE	LEU	0	0
131	232	117	218	6.166	LEU	ILE	0	0
117	218	148	249	5.251	ILE	TYR	0	0
148	249	117	218	6.704	TYR	ILE	0	0
117	218	149	250	8.422	ILE	LEU	0	0
149	250	117	218	6.175	LEU	ILE	0	0
117	218	150	251	12.607	ILE	ILE	0	0
150	251	117	218	9.713	ILE	ILE	0	0
117	218	151	252	4.736	ILE	GLU	0	0
151	252	117	218	6.289	GLU	ILE	0	0
117	218	-1	-1	0.000	ILE	EXP	0	-1
118	219	119	220	20.882	CYS	GLY	0	0
119	220	118	219	20.645	GLY	CYS	0	0
118	219	123	224	1.580	CYS	MET	0	0
123	224	118	219	2.627	MET	CYS	0	0
118	219	124	225	1.128	CYS	LEU	0	0
124	225	118	219	0.580	LEU	CYS	0	0
118	219	151	252	10.393	CYS	GLU	0	0
151	252	118	219	17.575	GLU	CYS	0	0
118	219	153	254	5.509	CYS	ALA	0	0
153	254	118	219	6.146	ALA	CYS	0	0
118	219	-1	-1	0.000	CYS	EXP	0	-1
119	220	120	221	24.172	GLY	SER	0	0
120	221	119	220	24.688	SER	GLY	0	0
119	220	123	224	3.397	GLY	MET	0	0
123	224	119	220	6.156	MET	GLY	0	0
119	220	124	225	5.854	GLY	LEU	0	0
124	225	119	220	6.691	LEU	GLY	0	0
119	220	151	252	1.043	GLY	GLU	0	0
151	252	119	220	0.869	GLU	GLY	0	0
119	220	152	253	1.567	GLY	ARG	0	0
152	253	119	220	3.441	ARG	GLY	0	0
119	220	153	254	13.440	GLY	ALA	0	0
153	254	119	220	12.444	ALA	GLY	0	0
119	220	-1	-1	0.000	GLY	EXP	0	-1
120	221	121	222	23.922	SER	PRO	0	0
121	222	120	221	27.521	PRO	SER	0	0
120	221	122	223	8.130	SER	SER	0	0
122	223	120	221	10.128	SER	SER	0	0
120	221	123	224	18.308	SER	MET	0	0
123	224	120	221	17.370	MET	SER	0	0
120	221	124	225	6.632	SER	LEU	0	0
124	225	120	221	8.435	LEU	SER	0	0
120	221	154	255	14.897	SER	PHE	0	0
154	255	120	221	24.053	PHE	SER	0	0
120	221	-1	-1	0.000	SER	EXP	0	-1
121	222	122	223	31.167	PRO	SER	0	0
122	223	121	222	27.052	SER	PRO	0	0
121	222	123	224	0.652	PRO	MET	0	0
123	224	121	222	0.535	MET	PRO	0	0
121	222	124	225	7.310	PRO	LEU	0	0
124	225	121	222	8.538	LEU	PRO	0	0
121	222	125	226	8.713	PRO	GLU	0	0
125	226	121	222	19.075	GLU	PRO	0	0
121	222	152	253	16.511	PRO	ARG	0	0
152	253	121	222	16.381	ARG	PRO	0	0
121	222	154	255	9.781	PRO	PHE	0	0
154	255	121	222	12.410	PHE	PRO	0	0
121	222	155	256	2.653	PRO	VAL	0	0
155	256	121	222	0.554	VAL	PRO	0	0
121	222	156	257	4.340	PRO	GLU	0	0
156	257	121	222	2.018	GLU	PRO	0	0
121	222	-1	-1	1.321	PRO	EXP	0	-1
122	223	123	224	29.827	SER	MET	0	0
123	224	122	223	24.490	MET	SER	0	0
122	223	124	225	0.597	SER	LEU	0	0
124	225	122	223	1.010	LEU	SER	0	0
122	223	125	226	12.429	SER	GLU	0	0
125	226	122	223	14.673	GLU	SER	0	0
122	223	126	227	6.277	SER	GLU	0	0
126	227	122	223	14.860	GLU	SER	0	0
122	223	-1	-1	11.714	SER	EXP	0	-1
123	224	124	225	20.018	MET	LEU	0	0
124	225	123	224	23.176	LEU	MET	0	0
123	224	126	227	4.000	MET	GLU	0	0
126	227	123	224	3.968	GLU	MET	0	0
123	224	127	228	22.829	MET	THR	0	0
127	228	123	224	18.943	THR	MET	0	0
123	224	-1	-1	0.000	MET	EXP	0	-1
124	225	125	226	21.871	LEU	GLU	0	0
125	226	124	225	27.929	GLU	LEU	0	0
124	225	127	228	0.874	LEU	THR	0	0
127	228	124	225	1.036	THR	LEU	0	0
124	225	128	229	14.023	LEU	SER	0	0
128	229	124	225	15.806	SER	LEU	0	0
124	225	150	251	15.958	LEU	ILE	0	0
150	251	124	225	17.570	ILE	LEU	0	0
124	225	151	252	8.858	LEU	GLU	0	0
151	252	124	225	6.672	GLU	LEU	0	0
124	225	152	253	9.840	LEU	ARG	0	0
152	253	124	225	13.950	ARG	LEU	0	0
124	225	-1	-1	0.000	LEU	EXP	0	-1
125	226	126	227	32.128	GLU	GLU	0	0
126	227	125	226	27.082	GLU	GLU	0	0
125	226	128	229	3.531	GLU	SER	0	0
128	229	125	226	3.157	SER	GLU	0	0
125	226	129	230	6.608	GLU	ALA	0	0
129	230	125	226	12.830	ALA	GLU	0	0
125	226	-1	-1	33.532	GLU	EXP	0	-1
126	227	127	228	19.451	GLU	THR	0	0
127	228	126	227	18.008	THR	GLU	0	0
126	227	128	229	0.325	GLU	SER	0	0
128	229	126	227	0.506	SER	GLU	0	0
126	227	129	230	7.898	GLU	ALA	0	0
129	230	126	227	6.998	ALA	GLU	0	0
126	227	130	231	8.805	GLU	VAL	0	0
130	231	126	227	9.395	VAL	GLU	0	0
126	227	-1	-1	15.126	GLU	EXP	0	-1
127	228	128	229	19.502	THR	SER	0	0
128	229	127	228	20.506	SER	THR	0	0
127	228	129	230	0.623	THR	ALA	0	0
129	230	127	228	1.009	ALA	THR	0	0
127	228	130	231	8.671	THR	VAL	0	0
130	231	127	228	7.461	VAL	THR	0	0
127	228	131	232	8.644	THR	LEU	0	0
131	232	127	228	9.794	LEU	THR	0	0
127	228	-1	-1	0.000	THR	EXP	0	-1
128	229	129	230	19.402	SER	ALA	0	0
129	230	128	229	21.745	ALA	SER	0	0
128	229	130	231	0.509	SER	VAL	0	0
130	231	128	229	0.559	VAL	SER	0	0
128	229	131	232	2.720	SER	LEU	0	0
131	232	128	229	5.063	LEU	SER	0	0
128	229	132	233	9.415	SER	ASP	0	0
132	233	128	229	10.982	ASP	SER	0	0
128	229	148	249	18.532	SER	TYR	0	0
148	249	128	229	14.651	TYR	SER	0	0
128	229	150	251	4.735	SER	ILE	0	0
150	251	128	229	8.673	ILE	SER	0	0
128	229	-1	-1	0.000	SER	EXP	0	-1
129	230	130	231	28.838	ALA	VAL	0	0
130	231	129	230	22.745	VAL	ALA	0	0
129	230	132	233	9.419	ALA	ASP	0	0
132	233	129	230	14.960	ASP	ALA	0	0
129	230	133	234	6.730	ALA	SER	0	0
133	234	129	230	11.091	SER	ALA	0	0
129	230	-1	-1	0.737	ALA	EXP	0	-1
130	231	131	232	18.920	VAL	LEU	0	0
131	232	130	231	21.237	LEU	VAL	0	0
130	231	132	233	0.923	VAL	ASP	0	0
132	233	130	231	0.649	ASP	VAL	0	0
130	231	133	234	12.384	VAL	SER	0	0
133	234	130	231	13.078	SER	VAL	0	0
130	231	134	235	11.463	VAL	PHE	0	0
134	235	130	231	17.992	PHE	VAL	0	0
130	231	-1	-1	0.000	VAL	EXP	0	-1
131	232	132	233	18.078	LEU	ASP	0	0
132	233	131	232	17.129	ASP	LEU	0	0
131	232	133	234	1.065	LEU	SER	0	0
133	234	131	232	0.491	SER	LEU	0	0
131	232	134	235	12.051	LEU	PHE	0	0
134	235	131	232	12.726	PHE	LEU	0	0
131	232	136	237	16.398	LEU	LEU	0	0
136	237	131	232	16.786	LEU	LEU	0	0
131	232	148	249	12.507	LEU	TYR	0	0
148	249	131	232	16.081	TYR	LEU	0	0
131	232	-1	-1	0.000	LEU	EXP	0	-1
132	233	133	234	27.621	ASP	SER	0	0
133	234	132	233	27.050	SER	ASP	0	0
132	233	134	235	0.799	ASP	PHE	0	0
134	235	132	233	1.799	PHE	ASP	0	0
132	233	135	236	8.603	ASP	GLY	0	0
135	236	132	233	8.128	GLY	ASP	0	0
132	233	136	237	15.475	ASP	LEU	0	0
136	237	132	233	7.040	LEU	ASP	0	0
132	233	148	249	18.070	ASP	TYR	0	0
148	249	132	233	12.821	TYR	ASP	0	0
132	233	-1	-1	6.386	ASP	EXP	0	-1
133	234	134	235	43.516	SER	PHE	0	0
134	235	133	234	35.383	PHE	SER	0	0
133	234	-1	-1	2.195	SER	EXP	0	-1
134	235	135	236	23.021	PHE	GLY	0	0
135	236	134	235	22.738	GLY	PHE	0	0
134	235	136	237	6.734	PHE	LEU	0	0
136	237	134	235	4.302	LEU	PHE	0	0
134	235	-1	-1	1.679	PHE	EXP	0	-1
135	236	136	237	28.927	GLY	LEU	0	0
136	237	135	236	23.896	LEU	GLY	0	0
135	236	137	238	1.919	GLY	LYS	0	0
137	238	135	236	8.992	LYS	GLY	0	0
135	236	-1	-1	0.000	GLY	EXP	0	-1
136	237	137	238	21.504	LEU	LYS	0	0
137	238	136	237	26.270	LYS	LEU	0	0
136	237	147	248	12.905	LEU	ASP	0	0
147	248	136	237	11.389	ASP	LEU	0	0
136	237	148	249	10.193	LEU	TYR	0	0
148	249	136	237	8.745	TYR	LEU	0	0
136	237	-1	-1	0.000	LEU	EXP	0	-1
137	238	138	239	33.992	LYS	ILE	0	0
138	239	137	238	32.589	ILE	LYS	0	0
137	238	147	248	24.620	LYS	ASP	0	0
147	248	137	238	22.241	ASP	LYS	0	0
137	238	148	249	2.238	LYS	TYR	0	0
148	249	137	238	3.812	TYR	LYS	0	0
137	238	-1	-1	51.445	LYS	EXP	0	-1
138	239	139	240	41.642	ILE	SER	0	0
139	240	138	239	26.781	SER	ILE	0	0
138	239	140	241	4.084	ILE	PRO	0	0
140	241	138	239	8.861	PRO	ILE	0	0
138	239	148	249	31.273	ILE	TYR	0	0
148	249	138	239	28.778	TYR	ILE	0	0
138	239	150	251	13.832	ILE	ILE	0	0
150	251	138	239	17.910	ILE	ILE	0	0
138	239	-1	-1	3.269	ILE	EXP	0	-1
139	240	140	241	23.367	SER	PRO	0	0
140	241	139	240	30.573	PRO	SER	0	0
139	240	141	242	10.754	SER	ARG	0	0
141	242	139	240	8.396	ARG	SER	0	0
139	240	144	245	10.399	SER	GLU	0	0
144	245	139	240	8.004	GLU	SER	0	0
139	240	146	247	5.535	SER	GLY	0	0
146	247	139	240	3.601	GLY	SER	0	0
139	240	148	249	5.965	SER	TYR	0	0
148	249	139	240	5.942	TYR	SER	0	0
139	240	149	250	11.857	SER	LEU	0	0
149	250	139	240	9.527	LEU	SER	0	0
139	240	-1	-1	0.000	SER	EXP	0	-1
140	241	141	242	50.557	PRO	ARG	0	0
141	242	140	241	60.167	ARG	PRO	0	0
140	241	144	245	18.565	PRO	GLU	0	0
144	245	140	241	24.340	GLU	PRO	0	0
140	241	-1	-1	0.538	PRO	EXP	0	-1
141	242	142	243	41.188	ARG	MET	0	0
142	243	141	242	42.093	MET	ARG	0	0
141	242	144	245	17.316	ARG	GLU	0	0
144	245	141	242	12.104	GLU	ARG	0	0
141	242	-1	-1	35.967	ARG	EXP	0	-1
142	243	143	244	36.636	MET	GLY	0	0
143	244	142	243	24.358	GLY	MET	0	0
142	243	-1	-1	48.128	MET	EXP	0	-1
143	244	144	245	29.374	GLY	GLU	0	0
144	245	143	244	28.982	GLU	GLY	0	0
143	244	145	246	6.117	GLY	PRO	0	0
145	246	143	244	9.200	PRO	GLY	0	0
143	244	-1	-1	0.000	GLY	EXP	0	-1
144	245	145	246	40.844	GLU	PRO	0	0
145	246	144	245	35.283	PRO	GLU	0	0
144	245	-1	-1	17.487	GLU	EXP	0	-1
145	246	146	247	24.385	PRO	GLY	0	0
146	247	145	246	21.210	GLY	PRO	0	0
145	246	-1	-1	0.993	PRO	EXP	0	-1
146	247	147	248	26.156	GLY	ASP	0	0
147	248	146	247	20.495	ASP	GLY	0	0
146	247	-1	-1	0.000	GLY	EXP	0	-1
147	248	148	249	19.731	ASP	TYR	0	0
148	249	147	248	27.099	TYR	ASP	0	0
147	248	-1	-1	0.000	ASP	EXP	0	-1
148	249	149	250	23.699	TYR	LEU	0	0
149	250	148	249	25.940	LEU	TYR	0	0
148	249	150	251	5.185	TYR	ILE	0	0
150	251	148	249	4.335	ILE	TYR	0	0
148	249	-1	-1	0.000	TYR	EXP	0	-1
149	250	150	251	34.747	LEU	ILE	0	0
150	251	149	250	29.927	ILE	LEU	0	0
149	250	-1	-1	0.759	LEU	EXP	0	-1
150	251	151	252	36.970	ILE	GLU	0	0
151	252	150	251	33.928	GLU	ILE	0	0
150	251	-1	-1	1.225	ILE	EXP	0	-1
151	252	152	253	38.416	GLU	ARG	0	0
152	253	151	252	33.670	ARG	GLU	0	0
151	252	-1	-1	29.395	GLU	EXP	0	-1
152	253	153	254	26.744	ARG	ALA	0	0
153	254	152	253	20.112	ALA	ARG	0	0
152	253	154	255	13.010	ARG	PHE	0	0
154	255	152	253	6.038	PHE	ARG	0	0
152	253	155	256	18.701	ARG	VAL	0	0
155	256	152	253	12.195	VAL	ARG	0	0
152	253	-1	-1	39.575	ARG	EXP	0	-1
153	254	154	255	36.043	ALA	PHE	0	0
154	255	153	254	42.795	PHE	ALA	0	0
153	254	-1	-1	0.000	ALA	EXP	0	-1
154	255	155	256	40.412	PHE	VAL	0	0
155	256	154	255	36.593	VAL	PHE	0	0
154	255	156	257	17.230	PHE	GLU	0	0
156	257	154	255	24.969	GLU	PHE	0	0
154	255	-1	-1	10.255	PHE	EXP	0	-1
155	256	156	257	33.677	VAL	GLU	0	0
156	257	155	256	38.175	GLU	VAL	0	0
155	256	157	258	29.382	VAL	LYS	0	0
157	258	155	256	36.782	LYS	VAL	0	0
155	256	-1	-1	0.000	VAL	EXP	0	-1
156	257	157	258	42.381	GLU	LYS	0	0
157	258	156	257	54.705	LYS	GLU	0	0
156	257	-1	-1	27.430	GLU	EXP	0	-1
157	258	-1	-1	62.456	LYS	EXP	0	-1
#CACD
CA	0	101	0	HIS	93.067	4.806	24.494
CA	1	102	0	ASP	94.949	3.763	27.605
CA	2	103	0	ASP	93.684	6.699	29.645
CA	3	104	0	LEU	90.005	5.811	29.307
CA	4	105	0	LEU	88.437	3.348	31.746
CA	5	106	0	PRO	86.625	0.400	30.078
CA	6	107	0	GLY	83.213	1.394	28.722
CA	7	108	0	LYS	80.575	0.798	26.039
CA	8	109	0	HIS	80.472	3.973	23.979
CA	9	110	0	LEU	83.214	6.311	22.817
CA	10	111	0	TYR	82.139	9.881	22.027
CA	11	112	0	LEU	84.655	11.832	19.923
CA	12	113	0	LEU	83.594	15.424	20.502
CA	13	114	0	SER	85.303	17.817	18.106
CA	14	115	0	THR	85.023	21.225	16.476
CA	15	116	0	GLY	86.944	22.336	13.396
CA	16	117	0	THR	90.406	20.834	12.981
CA	17	118	0	GLY	89.927	19.182	16.377
CA	18	119	0	MET	88.578	16.227	14.399
CA	19	120	0	ALA	92.175	15.500	13.298
CA	20	121	0	PRO	93.231	13.076	16.077
CA	21	122	0	PHE	89.858	11.400	15.779
CA	22	123	0	LEU	90.485	10.555	12.126
CA	23	124	0	SER	93.266	8.333	13.475
CA	24	125	0	VAL	90.932	6.947	16.173
CA	25	126	0	ILE	88.236	5.880	13.688
CA	26	127	0	GLN	90.828	4.022	11.598
CA	27	128	0	ASP	92.263	2.178	14.607
CA	28	129	0	PRO	91.159	-1.455	15.038
CA	29	130	0	GLU	91.715	-1.063	18.793
CA	30	131	0	THR	88.914	1.487	18.881
CA	31	132	0	TYR	86.402	-1.112	17.661
CA	32	133	0	GLU	87.839	-3.780	19.929
CA	33	134	0	ARG	87.080	-1.592	22.963
CA	34	135	0	TYR	83.626	-0.178	22.217
CA	35	136	0	GLU	80.134	-1.124	21.139
CA	36	137	0	LYS	79.550	2.290	19.516
CA	37	138	0	VAL	81.899	5.091	18.421
CA	38	139	0	ILE	80.288	8.484	17.873
CA	39	140	0	LEU	82.188	11.057	15.857
CA	40	141	0	VAL	80.695	14.506	16.403
CA	41	142	0	HIS	82.143	17.189	14.143
CA	42	143	0	GLY	80.869	20.662	14.915
CA	43	144	0	VAL	81.525	23.438	12.437
CA	44	145	0	ARG	80.104	26.790	11.316
CA	45	146	0	TRP	79.748	26.219	7.562
CA	46	147	0	VAL	78.922	23.123	5.534
CA	47	148	0	SER	82.178	23.455	3.565
CA	48	149	0	GLU	84.105	22.889	6.810
CA	49	150	0	LEU	82.828	19.289	7.022
CA	50	151	0	ALA	86.116	17.874	5.747
CA	51	152	0	TYR	86.420	14.123	5.134
CA	52	153	0	ALA	82.665	13.682	4.754
CA	53	154	0	ASP	82.989	11.271	1.826
CA	54	155	0	PHE	85.845	9.383	3.445
CA	55	156	0	ILE	83.898	8.882	6.665
CA	56	157	0	THR	80.540	7.993	5.147
CA	57	158	0	LYS	81.510	6.156	1.963
CA	58	159	0	VAL	85.120	4.992	1.962
CA	59	160	0	LEU	85.850	3.905	5.548
CA	60	161	0	PRO	82.720	1.680	5.784
CA	61	162	0	GLU	84.095	-0.365	2.868
CA	62	163	0	HIS	87.481	-0.897	4.508
CA	63	164	0	GLU	88.766	-4.331	3.516
CA	64	165	0	TYR	89.625	-5.363	7.082
CA	65	166	0	PHE	87.353	-3.494	9.515
CA	66	167	0	GLY	84.694	-1.947	7.303
CA	67	168	0	ASP	82.057	-4.175	8.843
CA	68	169	0	GLN	83.043	-2.930	12.311
CA	69	170	0	VAL	82.701	0.626	10.984
CA	70	171	0	LYS	79.244	-0.096	9.546
CA	71	172	0	GLU	78.072	-1.658	12.810
CA	72	173	0	LYS	79.663	0.756	15.254
CA	73	174	0	LEU	80.587	4.141	13.793
CA	74	175	0	ILE	78.047	6.946	14.043
CA	75	176	0	TYR	78.921	10.208	12.273
CA	76	177	0	TYR	77.130	13.292	13.553
CA	77	178	0	PRO	78.219	16.408	11.671
CA	78	179	0	LEU	76.817	19.712	13.022
CA	79	180	0	VAL	76.622	23.122	11.336
CA	80	181	0	THR	75.576	26.398	12.955
CA	81	182	0	ARG	75.394	29.112	10.269
CA	82	183	0	GLU	73.827	27.493	7.172
CA	83	184	0	PRO	70.957	25.052	6.548
CA	84	185	0	PHE	72.056	21.539	7.477
CA	85	186	0	ARG	70.469	18.278	8.493
CA	86	187	0	ASN	71.888	18.604	12.024
CA	87	188	0	GLN	71.860	22.220	13.203
CA	88	189	0	GLY	73.454	23.654	16.294
CA	89	190	0	ARG	76.219	23.333	18.862
CA	90	191	0	GLN	77.002	19.911	20.287
CA	91	192	0	THR	77.083	21.173	23.877
CA	92	193	0	ASP	73.566	22.594	23.633
CA	93	194	0	LEU	72.299	19.401	21.945
CA	94	195	0	MET	73.820	17.231	24.635
CA	95	196	0	ARG	72.396	19.338	27.478
CA	96	197	0	SER	68.887	19.071	25.965
CA	97	198	0	GLY	69.307	15.376	25.181
CA	98	199	0	LYS	68.602	15.956	21.486
CA	99	200	0	LEU	72.026	14.730	20.320
CA	100	201	0	PHE	71.448	11.298	21.857
CA	101	202	0	GLU	67.888	11.096	20.522
CA	102	203	0	ASP	69.141	11.965	17.011
CA	103	204	0	ILE	71.777	9.226	17.022
CA	104	205	0	GLY	69.607	6.614	18.697
CA	105	206	0	LEU	71.575	6.080	21.904
CA	106	207	0	PRO	70.622	6.578	25.542
CA	107	208	0	PRO	71.663	9.566	27.632
CA	108	209	0	MET	75.219	9.367	28.908
CA	109	210	0	ASN	76.109	7.852	32.275
CA	110	211	0	PRO	79.511	7.416	33.993
CA	111	212	0	GLN	79.440	3.652	33.796
CA	112	213	0	ASP	78.939	3.230	30.046
CA	113	214	0	ASP	80.136	6.366	28.317
CA	114	215	0	ARG	83.614	7.615	27.552
CA	115	216	0	ALA	84.740	10.588	25.541
CA	116	217	0	MET	87.629	12.445	24.012
CA	117	218	0	ILE	87.146	16.207	23.503
CA	118	219	0	CYS	89.208	18.276	21.056
CA	119	220	0	GLY	88.435	21.893	20.171
CA	120	221	0	SER	89.219	25.456	21.228
CA	121	222	0	PRO	90.022	26.097	24.889
CA	122	223	0	SER	86.538	27.622	25.354
CA	123	224	0	MET	84.951	24.584	23.697
CA	124	225	0	LEU	86.876	22.248	26.035
CA	125	226	0	GLU	85.661	24.124	29.095
CA	126	227	0	GLU	82.034	24.160	27.982
CA	127	228	0	THR	81.964	20.537	26.801
CA	128	229	0	SER	83.783	19.303	29.921
CA	129	230	0	ALA	81.116	20.982	32.035
CA	130	231	0	VAL	78.387	19.176	30.086
CA	131	232	0	LEU	80.016	15.790	30.622
CA	132	233	0	ASP	80.544	16.628	34.291
CA	133	234	0	SER	76.801	17.315	34.566
CA	134	235	0	PHE	76.135	13.687	33.605
CA	135	236	0	GLY	78.501	12.463	36.299
CA	136	237	0	LEU	81.563	11.696	34.192
CA	137	238	0	LYS	84.975	12.360	35.718
CA	138	239	0	ILE	87.939	13.537	33.664
CA	139	240	0	SER	91.296	11.739	33.691
CA	140	241	0	PRO	93.197	13.879	36.218
CA	141	242	0	ARG	96.413	13.807	34.197
CA	142	243	0	MET	98.123	11.759	31.503
CA	143	244	0	GLY	98.606	8.204	32.736
CA	144	245	0	GLU	95.601	8.220	35.097
CA	145	246	0	PRO	92.522	6.598	33.440
CA	146	247	0	GLY	89.217	8.422	33.623
CA	147	248	0	ASP	85.850	8.748	31.884
CA	148	249	0	TYR	86.951	11.383	29.407
CA	149	250	0	LEU	90.029	13.122	28.013
CA	150	251	0	ILE	90.599	16.565	26.572
CA	151	252	0	GLU	93.179	18.327	24.396
CA	152	253	0	ARG	93.228	21.812	22.897
CA	153	254	0	ALA	92.838	21.858	19.113
CA	154	255	0	PHE	94.690	25.191	19.164
CA	155	256	0	VAL	95.418	28.164	21.409
CA	156	257	0	GLU	94.367	31.791	21.034
CA	157	258	0	LYS	97.689	33.549	20.690
#FINISHED TOTAL TIME= 0.081036
